4
[367.4841567521791, 191.84834444303976, 142.4619927529427, 88.34655816757075]
[0.4803650260373264, 0.46873632776140567, 0.4823447804086248, 0.40710180831826437]
5
[407.56590462208794, 182.48744064535143, 104.40131060039178, 63.71405630035871, 33.58157396197642]
[0.4749454235315574, 0.47347804989599457, 0.47195671116969257, 0.449855159745103, 0.3456734990135423]
6
[346.4101215751489, 138.79908570910615, 83.92922616403753, 54.63961591858382, 38.594309848802645, 27.378128829391297]
[0.5046264147009141, 0.5031500805808525, 0.49691915663892644, 0.5241166198469542, 0.49320263568712086, 0.3524667280420206]
7
[951.703267697873, 341.90714267868833, 181.98842614216446, 80.09895919758497, 75.91300795338567, 47.51975286993702, 123.78492283339936]
[0.5358801203413374, 0.5098289230586084, 0.5215158056877374, 0.4996576415287397, 0.4867912170340504, 0.48801690727818314, 0.4694412346656097]
8
[840.8683463062453, 523.9661478138883, 256.65749938953695, 239.58063393993228, 156.1055424787554, 109.71144668785261, 68.35287494535861, 55.69625407166121]
[0.49710789373492886, 0.5056856111948961, 0.5078915050659131, 0.5003375362882413, 0.4906128854535276, 0.5274651459066588, 0.43577328426188283, 0.30120850783310055]
9
[1862.60843373494, 1377.2916465863464, 941.7705177854277, 685.2986059719891, 307.41796437498243, 223.1841182814619, 121.74672767778719, 77.9127055842417, 54.418674698795186]
[0.4766365461847391, 0.49534538152610424, 0.4977322862880092, 0.492344742122881, 0.49443694240832803, 0.5010212112065967, 0.5049183837266757, 0.47065425989672965, 0.3999297188755021]
10
[906.8239638447975, 261.7182539682538, 303.48901748971207, 120.94529609030225, 82.10588005507591, 43.82265743130326, 94.96758350351186, 36.15595085470086, 40.47362213403878, 21.38580246913583]
[0.37796737213403875, 0.5267959104938272, 0.5329920366413418, 0.5212495418751545, 0.4992382248802203, 0.5222487662800166, 0.5314845884703338, 0.536580395299145, 0.5318862433862426, 0.5517592592592578]
11
[1254.3876772082886, 1008.5725917848052, 858.8264631043251, 693.4923240033926, 574.6654171210469, 422.5430555555556, 251.99581267968674, 211.67444542310943, 67.57740284524637, 35.31524900036351, 13.534351145038167]
[0.4224645583424213, 0.4641475826972009, 0.47242366412213743, 0.5067989821882953, 0.45553816793893126, 0.42683174300254473, 0.5250004543802255, 0.46376782801591987, 0.528968627110803, 0.45735096328607744, 0.36679389312977095]
12
[532.21875, 231.87499999999997, 34.91193181818183, 20.583612351190474, 98.33854166666667, 24.141840277777785, 23.302083333333336, 13.066276041666663, 30.283854166666668, 6.643830128205129, 5.123046875, 2.0]
[0.5403125, 0.5278125, 0.5436931818181817, 0.4725613839285716, 0.5069986979166667, 0.47894748263888903, 0.5157057291666665, 0.5219765625, 0.5387252604166666, 0.4921111778846153, 0.44727864583333327, 0.46562499999999996]
13
[471.7307692307692, 422.60615384615386, 354.96153846153845, 306.03846153846155, 185.80384615384617, 159.58076923076922, 180.96923076923076, 136.26282051282053, 57.40384615384615, 50.36923076923077, 19.923076923076923, 8.092307692307692, 1.6923076923076925]
[0.48423076923076924, 0.4765384615384616, 0.4850769230769231, 0.5133333333333333, 0.48670329670329676, 0.4613461538461539, 0.4915897435897436, 0.49551282051282053, 0.4538974358974359, 0.45576923076923076, 0.44564102564102565, 0.30261538461538456, 0.33076923076923076]
14
[120.71428571428571, 107.12499999999999, 12.925925925925927, 14.416666666666668, 6.1625, 25.044444444444444, 87.24242424242424, 33.138888888888886, 28.5, 19.444444444444446, 15.716666666666667, 12.666666666666666, 5.083333333333334, 10.0]
[0.5071428571428571, 0.5008333333333332, 0.5033333333333334, 0.5008333333333332, 0.5004166666666666, 0.4922222222222223, 0.545151515151515, 0.4627777777777778, 0.4494444444444444, 0.472, 0.4673333333333334, 0.4558333333333333, 0.42999999999999994, 0.5]
15
[852.9673913043482, 763.1358695652174, 404.5869565217392, 588.9139492753624, 267.84347826086963, 163.96425585284277, 178.91032608695656, 111.2090579710145, 142.87149758454106, 220.37862318840575, 107.6427536231884, 164.55952380952382, 30.627554347826088, 16.414402173913043, 25.56811594202899]
[0.48380434782608667, 0.5742608695652179, 0.4042753623188406, 0.5829347826086962, 0.5380289855072459, 0.452552257525084, 0.5374068322981361, 0.4505588768115946, 0.40705797101449276, 0.5841847826086963, 0.4016884057971014, 0.5814492753623195, 0.5822980072463775, 0.4705932971014489, 0.591086956521739]
16
[724.25, 372.75, 320.8333333333333, 274.125, 232.5, 195.3846153846154, 163.0, 134.16666666666666, 106.83333333333333, 82.0, 62.25, 57.833333333333336, 43.77777777777778, 29.25, 16.3125, 2.5]
[0.5225, 0.5449999999999999, 0.5783333333333334, 0.5425, 0.4605, 0.47307692307692306, 0.43799999999999994, 0.44666666666666666, 0.41166666666666674, 0.5149999999999999, 0.45875, 0.4475, 0.44833333333333336, 0.44916666666666666, 0.45281249999999995, 0.4]
17
[5003.333333333334, 3209.7777777777774, 3343.0476190476193, 3080.0, 1997.8333333333333, 269.71794871794873, 464.9166666666667, 1247.6458333333335, 228.20000000000002, 523.6491228070175, 224.53333333333333, 235.15750915750914, 136.21515151515152, 20.695726495726497, 22.0, 4.833333333333333, 2.0]
[0.36, 0.4733333333333333, 0.4861904761904762, 0.5388888888888889, 0.5387878787878788, 0.44448717948717953, 0.575, 0.5862499999999999, 0.5613333333333334, 0.5456140350877192, 0.5935555555555556, 0.4868864468864468, 0.5513939393939392, 0.49526495726495723, 0.5031249999999999, 0.46819444444444436, 0.3977777777777778]
18
[854.625, 427.3125, 422.6875, 102.625, 51.3125, 61.58333333333333, 23.9, 17.483516483516482, 41.050000000000004, 41.08333333333333, 12.5, 11.714285714285715, 46.0, 77.62500000000001, 72.16666666666666, 61.708333333333336, 36.234375, 24.5]
[0.44499999999999995, 0.4475, 0.4475, 0.59, 0.5399999999999999, 0.5416666666666666, 0.4985, 0.533076923076923, 0.476, 0.45833333333333337, 0.46447916666666655, 0.5749999999999998, 0.5175, 0.4949999999999999, 0.49666666666666665, 0.49833333333333324, 0.5056249999999999, 0.6]
19
[4225.5, 3527.55, 1550.7, 1258.0666666666666, 1053.9833333333333, 857.65, 1378.44, 1037.6, 782.4, 614.4, 465.3, 341.43749999999994, 238.65714285714284, 159.35000000000002, 106.56666666666666, 72.0, 41.05, 24.825000000000003, 3.6]
[0.572, 0.533, 0.45666666666666667, 0.5136666666666666, 0.4873333333333333, 0.501, 0.5643999999999999, 0.5713333333333334, 0.5713333333333334, 0.5713333333333334, 0.5033333333333334, 0.53625, 0.542, 0.541, 0.532, 0.5326666666666666, 0.4973333333333333, 0.3802499999999999, 0.38]
20
[1653.375, 1300.25, 715.3125, 472.0, 406.9375, 359.5625, 548.0500000000001, 471.16666666666663, 384.71666666666664, 316.5833333333333, 238.76488095238093, 172.56770833333334, 128.81875, 87.66071428571429, 70.94642857142857, 35.729166666666664, 28.68650793650794, 17.4375, 9.8125, 28.75]
[0.5299999999999999, 0.50875, 0.47, 0.54125, 0.51625, 0.5525, 0.5413333333333333, 0.5583333333333333, 0.5331666666666667, 0.55, 0.5183333333333333, 0.5237395833333334, 0.51759375, 0.5241666666666667, 0.5179464285714285, 0.5058333333333334, 0.4658333333333333, 0.49916666666666665, 0.40031249999999996, 0.425]
21
[7687.0, 3527.0, 2636.4285714285716, 2911.0, 1549.0625, 2054.1428571428573, 0.0, 1339.7272727272727, 824.8823529411765, 1670.6666666666667, 396.9375, 506.7, 890.6666666666666, 769.3333333333334, 381.1578947368421, 238.66666666666666, 32.857142857142854, 0.4666666666666667, 7.45, 5.95, 4.84]
[0.69, 0.3975, 0.51, 0.5, 0.47125, 0.4714285714285714, 0.49999999999999994, 0.53, 0.5294117647058824, 0.4666666666666666, 0.5343749999999999, 0.5509999999999999, 0.4666666666666666, 0.4666666666666666, 0.518421052631579, 0.4666666666666666, 0.51, 0.5139999999999999, 0.515, 0.5150000000000001, 0.518]
25
[334.0, 322.5, 304.0, 286.5, 269.0, 251.5, 205.0, 194.5, 186.5, 176.5, 167.5, 158.0, 84.5, 74.0, 66.5, 58.0, 48.5, 41.5, 34.0, 27.5, 20.5, 13.5, 8.0, 2.0, 4.0]
[0.44499999999999995, 0.44499999999999995, 0.44499999999999995, 0.44499999999999995, 0.44499999999999995, 0.44499999999999995, 0.44499999999999995, 0.44499999999999995, 0.44499999999999995, 0.44499999999999995, 0.44499999999999995, 0.44499999999999995, 0.44499999999999995, 0.44499999999999995, 0.44499999999999995, 0.44499999999999995, 0.44499999999999995, 0.44499999999999995, 0.44499999999999995, 0.44499999999999995, 0.44499999999999995, 0.44499999999999995, 0.44499999999999995, 0.395, 0.3]
