4
[76.48768710767744, 33.487204249155084, 32.98309995171418, 194.28681796233553]
[0.5122742636407587, 0.23189763399324284, 0.1097247706422022, 0.35144857556736014]
5
[246.32290184921757, 95.36130867709818, 15.766714082503562, 55.644381223328566, 157.55618776671395]
[0.5389900426742544, 0.32786628733997086, 0.14982930298719752, 0.08128022759601719, 0.334921763869134]
6
[89.78378378378375, 60.36679536679538, 7.886100386100386, 29.764478764478778, 7.984555984555985, 300.9382239382238]
[0.5448069498069514, 0.3004440154440158, 0.11577220077220061, 0.10086872586872597, 0.02629343629343629, 0.3547683397683414]
7
[245.6484375, 11.2578125, 13.609375, 61.1015625, 11.125, 6.890625, 78.9375]
[0.5217968750000005, 0.29265625000000023, 0.22140625000000003, 0.17578124999999997, 0.03312500000000001, 0.022187500000000002, 0.3844531250000006]
8
[217.3589743589744, 25.083333333333336, 13.641025641025644, 7.9423076923076925, 2.980769230769231, 40.97435897435898, 1.2884615384615383, 115.7115384615385]
[0.5176282051282048, 0.25525641025641005, 0.14089743589743584, 0.07147435897435898, 0.031538461538461536, 0.0316025641025641, 0.017243589743589742, 0.3480769230769225]
9
[67.05688622754494, 4.664670658682635, 2.2065868263473054, 0.45209580838323354, 0.005988023952095809, 0.0, 0.0, 0.0, 248.02395209580828]
[0.5387425149700594, 0.06428143712574856, 0.10161676646706595, 0.009191616766467067, 0.0077544910179640734, 0.005568862275449102, 0.002964071856287425, 0.0, 0.4601796407185633]
10
[971.5517241379309, 39.96551724137931, 0.0, 0.27586206896551724, 3.0344827586206895, 0.0, 0.0, 0.0, 0.0, 215.0344827586207]
[0.49551724137931036, 0.3089655172413794, 0.12724137931034482, 0.04758620689655172, 0.1272413793103448, 0.0, 0.0, 0.0, 0.0, 0.363103448275862]
11
[22.446428571428573, 3.017857142857143, 5.714285714285714, 0.0, 34.83928571428572, 0.0, 3.4107142857142856, 0.0, 55.60714285714286, 0.875, 14.035714285714288]
[0.5082142857142854, 0.3164285714285714, 0.1732142857142857, 0.010714285714285714, 0.30303571428571413, 0.0035714285714285718, 0.02107142857142857, 0.0, 0.20303571428571437, 0.016964285714285713, 0.2782142857142857]
12
[21.135135135135137, 18.62162162162162, 0.972972972972973, 7.621621621621622, 12.432432432432433, 0.7837837837837838, 0.0, 47.270270270270274, 0.0, 0.0, 0.0, 399.83783783783775]
[0.4727027027027026, 0.1127027027027027, 0.059189189189189195, 0.12567567567567567, 0.044864864864864865, 0.06378378378378378, 0.0, 0.0372972972972973, 0.0, 0.0, 0.0, 0.4472972972972973]
13
[115.92857142857142, 262.92857142857144, 172.71428571428572, 0.0, 0.6428571428571429, 24.07142857142857, 58.07142857142857, 0.0, 0.0, 0.0, 0.0, 0.0, 57.71428571428572]
[0.5242857142857144, 0.5357142857142857, 0.2035714285714286, 0.0, 0.08571428571428572, 0.105, 0.22285714285714286, 0.0, 0.0, 0.02142857142857143, 0.02142857142857143, 0.0, 0.37214285714285705]
14
[30.95, 41.300000000000004, 101.50000000000001, 0.0, 2.65, 13.35, 117.80000000000001, 0.0, 0.0, 0.0, 0.0, 0.25, 0.0, 50.5]
[0.5335000000000002, 0.3385, 0.0845, 0.0445, 0.039, 0.0195, 0.177, 0.039, 0.0, 0.0, 0.0, 0.039, 0.0, 0.38450000000000006]
15
[363.2692307692308, 0.2692307692307692, 41.769230769230774, 0.0, 0.9230769230769231, 0.0, 61.65384615384615, 0.0, 0.0, 0.0, 0.0, 0.0, 0.0, 0.0, 82.73076923076923]
[0.6419230769230767, 0.065, 0.06807692307692308, 0.023076923076923075, 0.04153846153846154, 0.0, 0.030000000000000002, 0.0, 0.0, 0.0, 0.0, 0.0, 0.0, 0.022692307692307692, 0.4526923076923077]
16
[0.0, 0.75, 0.0, 0.0, 0.0, 0.0, 0.0, 0.0, 0.0, 0.0, 0.0, 0.0, 0.0, 0.0, 0.0, 531.75]
[0.49500000000000005, 0.05, 0.195, 0.0, 0.1, 0.0, 0.0, 0.1, 0.0, 0.0, 0.0, 0.0, 0.0, 0.0, 0.0, 0.565]
17
[0.0, 0.0, 0.0, 0.0, 0.0, 0.0, 0.0, 0.0, 0.0, 0.0, 0.0, 0.0, 0.0, 0.0, 0.0, 0.0, 376.0]
[0.6000000000000001, 0.0, 0.0, 0.0, 0.0, 0.0, 0.0, 0.0, 0.0, 0.0, 0.0, 0.0, 0.0, 0.0, 0.0, 0.0, 0.59]
18
[0.0, 0.0, 0.0, 0.0, 543.6666666666666, 0.0, 0.0, 0.0, 0.0, 0.0, 0.0, 0.0, 0.0, 0.0, 0.0, 0.0, 0.0, 245.33333333333334]
[0.4600000000000001, 0.0, 0.06666666666666667, 0.0, 0.45999999999999996, 0.0, 0.0, 0.0, 0.0, 0.0, 0.0, 0.0, 0.0, 0.0, 0.0, 0.0, 0.0, 0.3933333333333333]
19
[1673.0, 0.0, 0.0, 0.0, 0.0, 0.0, 0.0, 0.0, 0.0, 0.0, 0.0, 0.0, 0.0, 0.0, 0.0, 0.0, 0.0, 0.0, 303.0]
[0.5, 0.0, 0.0, 0.0, 0.0, 0.0, 0.0, 0.0, 0.0, 0.0, 0.0, 0.0, 0.0, 0.0, 0.0, 0.0, 0.0, 0.0, 0.49]
20
[122.0, 2.0, 0.0, 0.0, 0.0, 0.0, 0.0, 0.0, 0.0, 0.0, 0.0, 0.0, 0.0, 0.0, 0.0, 0.0, 0.0, 0.0, 0.0, 102.5]
[0.595, 0.3, 0.0, 0.0, 0.0, 0.0, 0.0, 0.0, 0.0, 0.0, 0.0, 0.0, 0.0, 0.0, 0.0, 0.0, 0.0, 0.0, 0.0, 0.25]
21
[0.0, 0.0, 13.5, 0.0, 0.0, 0.0, 0.0, 0.0, 0.0, 0.0, 0.0, 0.0, 0.0, 0.0, 0.0, 0.0, 0.0, 0.0, 0.0, 0.0, 41.5]
[0.5725, 0.175, 0.1, 0.0, 0.0, 0.0, 0.0, 0.0, 0.0, 0.0, 0.0, 0.0, 0.0, 0.15000000000000002, 0.0, 0.0, 0.0, 0.0, 0.0, 0.0, 0.27249999999999996]
23
[4144.0, 0.0, 0.0, 0.0, 0.0, 0.0, 0.0, 0.0, 0.0, 0.0, 0.0, 2846.0, 0.0, 0.0, 0.0, 0.0, 0.0, 0.0, 0.0, 0.0, 0.0, 0.0, 914.5]
[0.6000000000000001, 0.0, 0.0, 0.0, 0.0, 0.0, 0.0, 0.0, 0.0, 0.0, 0.0, 0.39, 0.0, 0.0, 0.0, 0.0, 0.0, 0.0, 0.0, 0.0, 0.0, 0.0, 0.59]
24
[269.0, 0.0, 0.0, 0.0, 0.0, 0.0, 0.0, 0.0, 0.0, 0.0, 0.0, 0.0, 0.0, 0.0, 0.0, 0.0, 0.0, 0.0, 0.0, 0.0, 0.0, 0.0, 0.0, 531.5]
[0.49, 0.0, 0.0, 0.0, 0.0, 0.0, 0.0, 0.0, 0.0, 0.0, 0.0, 0.0, 0.0, 0.0, 0.0, 0.0, 0.0, 0.0, 0.0, 0.0, 0.0, 0.0, 0.0, 0.44499999999999995]
25
[0.0, 0.0, 0.0, 0.0, 20.0, 0.0, 0.0, 0.0, 0.0, 0.0, 0.0, 0.0, 0.0, 0.0, 0.0, 0.0, 0.0, 0.0, 0.0, 0.0, 0.0, 0.0, 0.0, 0.0, 136.0]
[0.39, 0.0, 0.0, 0.0, 0.3, 0.0, 0.0, 0.0, 0.0, 0.0, 0.0, 0.0, 0.0, 0.0, 0.0, 0.0, 0.0, 0.0, 0.0, 0.0, 0.0, 0.0, 0.0, 0.0, 0.3]
28
[0.0, 0.0, 0.0, 8.0, 0.0, 0.0, 0.0, 0.0, 0.0, 0.0, 0.0, 0.0, 0.0, 0.0, 0.0, 0.0, 0.0, 0.0, 0.0, 0.0, 0.0, 0.0, 0.0, 0.0, 0.0, 0.0, 0.0, 371.5]
[0.6000000000000001, 0.0, 0.0, 0.5, 0.0, 0.0, 0.0, 0.0, 0.0, 0.0, 0.0, 0.0, 0.0, 0.0, 0.0, 0.0, 0.0, 0.0, 0.0, 0.0, 0.0, 0.0, 0.0, 0.0, 0.0, 0.0, 0.0, 0.2]
30
[109.66666666666667, 3.0, 0.0, 0.0, 0.0, 0.0, 0.0, 0.0, 0.0, 0.0, 0.0, 0.0, 0.0, 0.0, 0.0, 0.0, 0.0, 0.0, 0.0, 0.0, 0.0, 0.0, 0.0, 0.0, 0.0, 0.0, 0.0, 0.0, 0.0, 203.66666666666666]
[0.4633333333333334, 0.4666666666666667, 0.19999999999999998, 0.19999999999999998, 0.0, 0.0, 0.0, 0.0, 0.0, 0.0, 0.0, 0.0, 0.0, 0.0, 0.0, 0.0, 0.0, 0.0, 0.0, 0.0, 0.0, 0.0, 0.0, 0.0, 0.0, 0.0, 0.0, 0.0, 0.0, 0.46333333333333326]
34
[244.5, 0.0, 0.0, 0.0, 0.0, 0.0, 0.0, 0.0, 0.0, 0.0, 0.0, 0.0, 0.0, 0.0, 0.0, 0.0, 0.0, 0.0, 0.0, 0.0, 0.0, 0.0, 0.0, 0.0, 0.0, 0.0, 0.0, 0.0, 0.0, 0.0, 0.0, 0.0, 0.0, 150.0]
[0.54, 0.49, 0.49, 0.44499999999999995, 0.59, 0.0, 0.59, 0.3, 0.0, 0.0, 0.0, 0.0, 0.0, 0.0, 0.0, 0.0, 0.0, 0.0, 0.0, 0.0, 0.0, 0.0, 0.0, 0.0, 0.0, 0.0, 0.0, 0.0, 0.0, 0.0, 0.0, 0.0, 0.0, 0.59]
47
[0.0, 0.0, 0.0, 5.0, 0.0, 0.0, 0.0, 0.0, 0.0, 0.0, 0.0, 0.0, 0.0, 0.0, 0.0, 0.0, 0.0, 0.0, 0.0, 0.0, 0.0, 0.0, 0.0, 0.0, 0.0, 0.0, 0.0, 0.0, 0.0, 0.0, 0.0, 0.0, 0.0, 0.0, 0.0, 0.0, 0.0, 0.0, 0.0, 0.0, 0.0, 0.0, 0.0, 0.0, 0.0, 0.0, 87.0]
[0.6000000000000001, 0.2, 0.0, 0.2, 0.0, 0.0, 0.0, 0.0, 0.0, 0.0, 0.0, 0.0, 0.0, 0.0, 0.0, 0.0, 0.0, 0.0, 0.0, 0.0, 0.0, 0.0, 0.0, 0.0, 0.0, 0.0, 0.0, 0.0, 0.0, 0.0, 0.0, 0.0, 0.0, 0.0, 0.0, 0.0, 0.0, 0.0, 0.0, 0.0, 0.0, 0.0, 0.0, 0.0, 0.0, 0.0, 0.2]
49
[17.0, 7.0, 0.0, 0.0, 0.0, 0.0, 0.0, 0.0, 0.0, 0.0, 0.0, 0.0, 0.0, 0.0, 0.0, 0.0, 0.0, 0.0, 0.0, 0.0, 0.0, 0.0, 0.0, 0.0, 0.0, 0.0, 0.0, 0.0, 0.0, 0.0, 0.0, 0.0, 0.0, 0.0, 0.0, 0.0, 0.0, 0.0, 0.0, 0.0, 0.0, 0.0, 0.0, 0.0, 0.0, 0.0, 0.0, 0.0, 43.0]
[0.6000000000000001, 0.4, 0.0, 0.0, 0.0, 0.0, 0.0, 0.0, 0.0, 0.0, 0.0, 0.0, 0.0, 0.0, 0.0, 0.0, 0.0, 0.0, 0.0, 0.0, 0.0, 0.0, 0.0, 0.0, 0.0, 0.0, 0.0, 0.0, 0.0, 0.0, 0.0, 0.0, 0.0, 0.0, 0.0, 0.0, 0.0, 0.0, 0.0, 0.0, 0.0, 0.0, 0.0, 0.0, 0.0, 0.0, 0.0, 0.0, 0.2]
