4
[249.54810126582234, 127.2987341772152, 72.26835443037963, 42.7278481012657]
[0.4738987341772148, 0.4602784810126565, 0.47130379746835205, 0.3907341772151902]
5
[448.7980225988695, 199.13559322033925, 91.74717514124296, 34.98305084745763, 30.604519774011216]
[0.47968926553672575, 0.4762711864406793, 0.47265536723164064, 0.4026129943502844, 0.3351129943502835]
6
[369.9368800721373, 132.8097385031561, 73.45446348061311, 50.99278629395855, 40.675383228133455, 27.030658250676343]
[0.4991974752028798, 0.517655545536514, 0.4852569882777239, 0.5158791704238028, 0.4879080252479673, 0.3444634806131651]
7
[829.9714285714288, 143.5864661654135, 72.63458646616537, 43.56842105263155, 177.87218045112792, 115.56390977443615, 124.81353383458654]
[0.5352781954887177, 0.49601503759398075, 0.4985112781954845, 0.42560902255638783, 0.4769323308270637, 0.4823308270676652, 0.4592180451127786]
8
[806.0684039087947, 391.7654723127036, 174.7589576547233, 201.46254071661258, 66.08469055374593, 78.50488599348533, 40.88273615635178, 56.79478827361561]
[0.4916286644951138, 0.47895765472312696, 0.529543973941369, 0.4771335504886004, 0.4816612377850158, 0.5309120521172648, 0.4256026058631915, 0.29827361563517907]
9
[2070.9397590361446, 1507.3493975903618, 953.6746987951809, 723.2530120481929, 344.53012048192767, 245.00000000000003, 125.57831325301201, 90.16867469879516, 46.86746987951807]
[0.46783132530120497, 0.48493975903614445, 0.4824096385542167, 0.5142168674698795, 0.45915662650602446, 0.4950602409638557, 0.48879518072289174, 0.4683132530120483, 0.37855421686746993]
10
[862.0370370370372, 296.85185185185196, 252.5833333333334, 274.94444444444434, 80.31944444444444, 50.58333333333332, 117.64814814814808, 67.3888888888889, 46.912037037036995, 21.09259259259262]
[0.3725, 0.5443518518518531, 0.4559722222222212, 0.5720370370370371, 0.4937037037037035, 0.5276851851851839, 0.4122222222222228, 0.45555555555555466, 0.5657407407407394, 0.550370370370369]
11
[1205.6412213740464, 1048.4732824427476, 905.4045801526714, 728.4885496183206, 629.6259541984732, 449.5801526717559, 137.34351145038167, 164.2519083969466, 88.83969465648852, 55.641221374045784, 16.961832061068698]
[0.4064122137404585, 0.45061068702290064, 0.46778625954198516, 0.5047328244274808, 0.45824427480916025, 0.46091603053435115, 0.49488549618320604, 0.3609160305343511, 0.45992366412213764, 0.4422137404580156, 0.36755725190839694]
12
[532.21875, 211.125, 48.5625, 1.25, 104.78125, 42.90625, 42.75, 40.25, 53.46875, 4.9375, 1.625, 2.0]
[0.5403125, 0.5278125, 0.4506250000000001, 0.4753125000000002, 0.4703125, 0.4856250000000001, 0.4603125, 0.5475, 0.46656250000000005, 0.5028125, 0.42187500000000017, 0.46562499999999996]
13
[463.0769230769231, 420.7692307692307, 352.1538461538462, 307.3846153846154, 131.46153846153845, 105.46153846153845, 173.46153846153845, 134.6153846153846, 41.92307692307692, 25.53846153846154, 27.92307692307692, 13.307692307692307, 1.6923076923076925]
[0.4730769230769231, 0.45769230769230773, 0.49615384615384617, 0.5107692307692308, 0.45769230769230773, 0.42923076923076925, 0.4723076923076924, 0.44999999999999996, 0.4346153846153847, 0.37692307692307686, 0.42000000000000004, 0.35307692307692307, 0.33076923076923076]
14
[99.0, 93.33333333333333, 0.0, 0.0, 0.0, 0.0, 82.66666666666666, 0.0, 0.0, 0.0, 0.0, 0.0, 0.6666666666666666, 10.0]
[0.6233333333333333, 0.49, 0.3633333333333333, 0.3966666666666666, 0.5633333333333332, 0.5566666666666666, 0.5966666666666666, 0.5966666666666666, 0.3633333333333333, 0.45999999999999996, 0.5633333333333332, 0.3, 0.5633333333333332, 0.5]
15
[1005.5, 916.478260869565, 306.32608695652175, 694.9782608695652, 203.67391304347825, 167.39130434782606, 134.97826086956522, 110.52173913043478, 86.5, 246.9782608695652, 50.82608695652175, 177.02173913043472, 58.23913043478261, 41.63043478260868, 43.02173913043478]
[0.4773913043478258, 0.5730434782608701, 0.3126086956521739, 0.5797826086956528, 0.5752173913043483, 0.5865217391304347, 0.5773913043478266, 0.5865217391304347, 0.3171739130434783, 0.5686956521739136, 0.321304347826087, 0.5815217391304354, 0.5836956521739136, 0.47978260869565187, 0.591086956521739]
16
[427.5, 371.5, 320.0, 273.5, 232.0, 195.0, 167.0, 137.5, 106.0, 82.0, 61.0, 48.5, 31.5, 98.0, 25.0, 2.5]
[0.44999999999999996, 0.495, 0.595, 0.6, 0.395, 0.35, 0.495, 0.495, 0.395, 0.5, 0.35, 0.495, 0.495, 0.495, 0.5, 0.4]
17
[928.3333333333334, 840.6666666666666, 754.3333333333334, 0.0, 0.0, 0.0, 453.6666666666667, 384.6666666666667, 2.0, 271.6666666666667, 212.66666666666666, 5.0, 76.0, 15.666666666666666, 5.0, 2.0, 2.0]
[0.3933333333333333, 0.5599999999999999, 0.6233333333333333, 0.5266666666666667, 0.49, 0.45666666666666667, 0.4966666666666666, 0.42999999999999994, 0.39666666666666667, 0.4666666666666667, 0.42999999999999994, 0.4666666666666667, 0.39666666666666667, 0.45999999999999996, 0.3666666666666667, 0.36666666666666664, 0.36666666666666664]
18
[0.0, 0.0, 0.0, 75.0, 0.0, 0.0, 0.0, 0.0, 75.0, 75.0, 0.0, 0.0, 0.0, 5.25, 2.0, 344.0, 93.0, 24.5]
[0.3, 0.6, 0.6, 0.59, 0.49, 0.44499999999999995, 0.495, 0.345, 0.445, 0.49, 0.495, 0.495, 0.3, 0.59, 0.59, 0.59, 0.6, 0.6]
19
[4063.0, 3447.4, 0.0, 10.2, 2.2, 2.2, 1376.4, 1044.4, 789.2, 621.2, 463.6, 340.79999999999995, 237.2, 156.8, 100.2, 51.2, 89.19999999999999, 57.6, 3.6]
[0.514, 0.594, 0.5539999999999999, 0.5499999999999999, 0.472, 0.512, 0.614, 0.61, 0.61, 0.61, 0.49000000000000005, 0.5740000000000001, 0.49000000000000005, 0.454, 0.5700000000000001, 0.5700000000000001, 0.534, 0.418, 0.38]
20
[1126.5, 1013.25, 0.0, 49.75, 0.0, 0.0, 519.5, 485.0, 407.5, 336.0, 220.75, 163.5, 165.75, 127.0, 96.5, 54.75, 31.25, 89.5, 9.5, 28.75]
[0.445, 0.5725, 0.5700000000000001, 0.565, 0.515, 0.565, 0.595, 0.6149999999999999, 0.6174999999999999, 0.5899999999999999, 0.49, 0.62, 0.5950000000000001, 0.5650000000000001, 0.44500000000000006, 0.59, 0.5425, 0.545, 0.4475, 0.425]
21
[7687.0, 0.0, 11.0, 0.0, 11.0, 0.0, 0.0, 11.0, 0.0, 0.0, 0.0, 0.0, 0.0, 0.0, 0.0, 38.0, 38.0, 0.0, 38.0, 28.0, 11.0]
[0.69, 0.59, 0.6000000000000001, 0.5, 0.5, 0.6000000000000001, 0.6000000000000001, 0.5900000000000001, 0.5900000000000001, 0.4, 0.4, 0.39, 0.4, 0.4, 0.4, 0.5, 0.5900000000000001, 0.3, 0.6000000000000001, 0.6000000000000001, 0.2]
25
[0.0, 0.0, 0.0, 0.0, 0.0, 0.0, 0.0, 0.0, 0.0, 0.0, 0.0, 0.0, 0.0, 0.0, 0.0, 0.0, 0.0, 0.0, 0.0, 0.0, 0.0, 0.0, 0.0, 0.0, 4.0]
[0.3, 0.3, 0.3, 0.3, 0.3, 0.3, 0.3, 0.3, 0.3, 0.3, 0.3, 0.3, 0.3, 0.3, 0.3, 0.3, 0.3, 0.3, 0.3, 0.3, 0.3, 0.3, 0.3, 0.3, 0.3]
