4
[2049.9604488846267, 402.07075407144623, 327.5814287669363, 527.8242096620047]
[5.14792596140692, 0.3858690296975538, 0.16332078828520624, 0.388207198576698]
5
[2388.145956232148, 536.7982873453877, 347.47802093244377, 399.12921027592853, 592.1676498572688]
[5.796131303520359, 0.5147402473834292, 0.19208753568030223, 0.08486393910561443, 0.35865651760226575]
6
[3248.3364307187762, 670.5165345722868, 441.87236949986146, 497.4178737359932, 414.13500956545477, 916.5660016397907]
[7.112268379338737, 1.0872998086909282, 0.14705657283410606, 0.10145121617928218, 0.024170538398469516, 0.3783000819896176]
7
[3099.949903660885, 759.8227360308275, 688.4913294797685, 660.211946050096, 512.4932562620426, 547.3593448940271, 973.3246628131003]
[7.064479768786107, 0.7915799614643594, 0.28168593448940316, 0.2079190751445094, 0.024508670520231222, 0.0283140655105973, 0.4084778420038562]
8
[4662.963725490191, 2092.549019607842, 1831.6078431372532, 2056.446078431372, 1799.8411764705877, 1818.9892156862738, 1795.7176470588229, 2119.8862745097977]
[8.439735294117662, 0.4830196078431379, 0.1558235294117651, 0.08532352941176483, 0.03293137254901961, 0.030637254901960776, 0.019137254901960783, 0.40927450980392444]
9
[5941.210405156544, 206.40239410681397, 192.82320441988946, 183.12200736648248, 178.8333333333332, 179.0552486187846, 178.53406998158383, 178.53406998158383, 462.9682320441986]
[11.317951197053318, 0.25125230202578214, 0.23432780847145485, 0.014530386740331493, 0.00996777163904236, 0.0046454880294659285, 0.002223756906077348, 0.0, 0.46003683241251436]
10
[4979.789256198346, 2252.206611570248, 2238.528925619834, 2030.4586776859496, 2032.5702479338843, 2028.6652892561976, 2041.7644628099167, 2026.6776859504123, 2023.838842975206, 2311.6198347107447]
[10.71276859504132, 1.2045041322314045, 0.25384297520661125, 0.06351239669421486, 0.11681818181818195, 0.0048760330578512395, 0.03276859504132232, 0.018305785123966942, 0.0, 0.4194628099173559]
11
[3581.652892561984, 382.9504132231404, 264.1707988980714, 238.08264462809922, 347.3112947658403, 239.1625344352617, 243.96143250688704, 243.3140495867769, 447.4104683195589, 241.37190082644628, 277.5041322314047]
[12.068732782369132, 0.5528925619834715, 0.18735537190082696, 0.007438016528925621, 0.27699724517906327, 0.011212121212121213, 0.01137741046831956, 0.0049586776859504135, 0.22107438016529002, 0.010550964187327823, 0.2767217630853996]
12
[6730.388392857145, 2387.758928571428, 2341.263392857143, 2468.2857142857147, 2344.0624999999995, 2349.915178571428, 2337.178571428571, 2372.6205357142853, 2337.178571428571, 2337.178571428571, 2337.178571428571, 3136.281250000001]
[10.34745535714285, 0.12504464285714276, 0.08607142857142858, 0.1985267857142857, 0.03553571428571428, 0.06816964285714283, 0.0, 0.023303571428571423, 0.0, 0.0, 0.0, 0.45915178571428605]
13
[8864.06896551724, 6908.402298850576, 7853.045977011495, 4320.195402298849, 4330.540229885058, 4328.67816091954, 4438.0574712643665, 4320.195402298849, 4330.03448275862, 4320.965517241379, 4320.919540229884, 4320.195402298849, 4550.666666666671]
[12.245172413793105, 1.3819540229885061, 0.3285057471264368, 0.006781609195402299, 0.14022988505747136, 0.03482758620689655, 0.12551724137931033, 0.0, 0.031379310344827584, 0.02413793103448276, 0.029885057471264367, 0.0, 0.36505747126436766]
14
[6105.680672268904, 3655.285714285714, 3725.8487394958015, 3606.504201680675, 3569.285714285717, 3543.8235294117667, 3625.6050420168094, 3539.084033613448, 3523.504201680674, 3505.857142857145, 3505.857142857145, 3508.9495798319354, 3505.857142857145, 3628.5294117647063]
[11.77453781512604, 0.6700840336134449, 0.11058823529411764, 0.1334453781512605, 0.09487394957983195, 0.02789915966386555, 0.1010084033613445, 0.08058823529411764, 0.0025210084033613443, 0.0, 0.0, 0.041344537815126044, 0.0, 0.35806722689075565]
15
[3158.54, 1555.39, 1612.88, 1470.09, 1478.74, 1465.395, 1562.325, 1465.18, 1465.18, 1465.8899999999999, 1465.18, 1465.18, 1465.18, 1484.095, 1557.5200000000004]
[11.849699999999974, 0.3700000000000001, 0.16409999999999997, 0.03090000000000001, 0.07700000000000001, 0.003, 0.0273, 0.0, 0.0, 0.0123, 0.0, 0.0, 0.0054, 0.043400000000000015, 0.44955000000000084]
16
[22237.086956521736, 15366.934782608696, 14851.521739130432, 14917.108695652172, 14852.217391304344, 14851.521739130432, 14851.521739130432, 15168.543478260868, 14851.521739130432, 14851.521739130432, 14851.521739130432, 14851.521739130432, 14851.521739130432, 14851.521739130432, 14851.521739130432, 15446.760869565218]
[8.043913043478259, 0.4765217391304346, 0.05739130434782609, 0.08978260869565217, 0.02608695652173913, 0.0, 0.0, 0.08543478260869568, 0.0, 0.0, 0.0, 0.0, 0.0, 0.0, 0.0, 0.5239130434782611]
17
[18935.826086956517, 240.695652173913, 240.695652173913, 240.695652173913, 240.695652173913, 240.695652173913, 240.695652173913, 240.695652173913, 240.695652173913, 240.695652173913, 240.695652173913, 240.695652173913, 269.0, 240.695652173913, 240.695652173913, 240.695652173913, 653.95652173913]
[11.36826086956522, 0.0, 0.0, 0.0, 0.0, 0.0, 0.0, 0.0, 0.0, 0.0, 0.0, 0.0, 0.056086956521739124, 0.0, 0.0, 0.0, 0.5352173913043483]
18
[23613.171428571426, 7652.885714285715, 7408.400000000001, 7408.400000000001, 7757.8, 7408.400000000001, 7408.400000000001, 7408.400000000001, 7408.400000000001, 7408.400000000001, 7408.400000000001, 7408.400000000001, 7408.400000000001, 7408.400000000001, 7408.400000000001, 7408.400000000001, 7408.400000000001, 8973.857142857143]
[10.227142857142859, 0.786, 0.04, 0.0, 0.35399999999999987, 0.0, 0.0, 0.0, 0.0, 0.0, 0.0, 0.0, 0.0, 0.0, 0.0, 0.0, 0.0, 0.3791428571428572]
19
[6861.499999999999, 376.6, 376.20000000000005, 376.20000000000005, 376.20000000000005, 376.20000000000005, 381.20000000000005, 376.20000000000005, 376.20000000000005, 376.20000000000005, 376.20000000000005, 376.20000000000005, 376.20000000000005, 376.20000000000005, 376.20000000000005, 376.20000000000005, 376.20000000000005, 376.20000000000005, 660.1]
[8.229, 0.3849999999999999, 0.03, 0.0, 0.149, 0.0, 0.03, 0.0, 0.0, 0.0, 0.0, 0.0, 0.0, 0.0, 0.0, 0.0, 0.0, 0.0, 0.5309999999999999]
20
[6655.181818181819, 6066.242424242423, 1378.8181818181815, 1378.8181818181815, 1378.8181818181815, 1378.8181818181815, 1378.8181818181815, 1378.8181818181815, 1378.8181818181815, 1404.393939393939, 1378.8181818181815, 1378.8181818181815, 1378.8181818181815, 1378.8181818181815, 1378.8181818181815, 1378.8181818181815, 1378.8181818181815, 1378.8181818181815, 1378.8181818181815, 1666.6969696969695]
[12.876666666666667, 0.2845454545454546, 0.0, 0.0, 0.0, 0.0, 0.0, 0.0, 0.0, 0.08272727272727273, 0.0, 0.0, 0.0, 0.0, 0.0, 0.0, 0.0, 0.0, 0.0, 0.34151515151515166]
21
[22019.79069767442, 3203.348837209302, 3088.627906976744, 3081.8837209302324, 3081.627906976744, 3081.627906976744, 3081.627906976744, 3083.186046511628, 3081.627906976744, 3081.627906976744, 3081.627906976744, 3081.627906976744, 3081.627906976744, 3084.906976744186, 3081.627906976744, 3081.627906976744, 3081.627906976744, 3081.627906976744, 3081.627906976744, 3081.627906976744, 3666.441860465117]
[10.124418604651162, 0.4586046511627906, 0.03255813953488372, 0.013953488372093023, 0.0, 0.0, 0.0, 0.013720930232558139, 0.0, 0.0, 0.0, 0.0, 0.0, 0.47093023255813937, 0.0, 0.0, 0.0, 0.0, 0.0, 0.0, 0.34232558139534874]
22
[640.5, 24.5, 0.0, 0.0, 0.0, 0.0, 0.0, 0.0, 0.0, 0.0, 0.0, 0.0, 0.0, 0.0, 0.0, 0.0, 0.0, 0.0, 0.0, 0.0, 0.0, 28.5]
[17.759999999999998, 0.3, 0.0, 0.0, 0.0, 0.0, 0.0, 0.0, 0.0, 0.0, 0.0, 0.0, 0.0, 0.0, 0.0, 0.0, 0.0, 0.0, 0.0, 0.0, 0.0, 0.3]
23
[67845.55555555556, 49829.0, 49829.0, 49829.0, 49834.33333333334, 49829.0, 49829.0, 49829.0, 49829.0, 49829.0, 49829.0, 64601.333333333336, 49829.0, 49829.0, 49829.0, 49829.0, 49829.0, 49829.0, 49829.0, 49829.0, 49829.0, 49829.0, 51184.44444444444]
[10.86555555555556, 0.0, 0.0, 0.0, 0.06666666666666667, 0.0, 0.0, 0.0, 0.0, 0.0, 0.0, 0.30333333333333334, 0.0, 0.0, 0.0, 0.0, 0.0, 0.0, 0.0, 0.0, 0.0, 0.0, 0.5255555555555554]
24
[11563.249999999998, 5636.950000000001, 5636.950000000001, 5636.950000000001, 5636.950000000001, 5636.950000000001, 5636.950000000001, 5636.950000000001, 5636.950000000001, 5636.950000000001, 5636.950000000001, 5636.950000000001, 5636.950000000001, 5714.849999999999, 5636.950000000001, 5636.950000000001, 5636.950000000001, 5636.950000000001, 5636.950000000001, 5636.950000000001, 5636.950000000001, 5636.950000000001, 5636.950000000001, 5996.25]
[10.360500000000002, 0.37049999999999994, 0.0, 0.0, 0.0, 0.0, 0.0, 0.09, 0.0, 0.0, 0.0, 0.0, 0.0, 0.1035, 0.0, 0.0, 0.0, 0.0, 0.0, 0.0, 0.0, 0.0, 0.0, 0.483]
25
[1538.5, 400.0, 400.0, 400.0, 415.5, 400.0, 400.0, 400.0, 400.0, 400.0, 400.0, 400.0, 400.0, 400.0, 400.0, 400.0, 400.0, 400.0, 400.0, 400.0, 400.0, 400.0, 400.0, 400.0, 589.5]
[23.275, 0.0, 0.0, 0.0, 0.3, 0.0, 0.0, 0.0, 0.0, 0.0, 0.0, 0.0, 0.0, 0.0, 0.0, 0.0, 0.0, 0.0, 0.0, 0.0, 0.0, 0.0, 0.0, 0.0, 0.3]
28
[45801.61538461538, 3158.846153846154, 3158.846153846154, 3165.5384615384614, 3158.846153846154, 3158.846153846154, 3158.846153846154, 3158.846153846154, 3158.846153846154, 3158.846153846154, 3158.846153846154, 3158.846153846154, 3158.846153846154, 3158.846153846154, 3158.846153846154, 3158.846153846154, 3158.846153846154, 3158.846153846154, 3158.846153846154, 3158.846153846154, 3158.846153846154, 3158.846153846154, 3158.846153846154, 3158.846153846154, 3158.846153846154, 3158.846153846154, 3158.846153846154, 4410.076923076924]
[12.264615384615375, 0.0, 0.0, 0.23076923076923078, 0.0, 0.0, 0.0, 0.0, 0.0, 0.0, 0.0, 0.0, 0.0, 0.0, 0.0, 0.0, 0.0, 0.0, 0.0, 0.0, 0.0, 0.0, 0.0, 0.0, 0.0, 0.0, 0.0, 0.41]
30
[2929.9500000000007, 2232.35, 2189.25, 2233.05, 2178.1499999999996, 2266.55, 2178.1499999999996, 2178.1499999999996, 2178.1499999999996, 2178.1499999999996, 2178.1499999999996, 2178.1499999999996, 2178.1499999999996, 2178.1499999999996, 2178.1499999999996, 2178.1499999999996, 2178.1499999999996, 2178.1499999999996, 2178.1499999999996, 2178.1499999999996, 2178.1499999999996, 2178.1499999999996, 2178.1499999999996, 2178.1499999999996, 2178.1499999999996, 2178.1499999999996, 2178.1499999999996, 2178.1499999999996, 2178.1499999999996, 2799.85]
[24.711500000000004, 0.8415000000000002, 0.21, 0.42, 0.0, 0.39549999999999996, 0.0, 0.0, 0.0, 0.0, 0.0, 0.0, 0.0, 0.0, 0.0, 0.0, 0.0, 0.0, 0.0, 0.0, 0.0, 0.0, 0.0, 0.0, 0.0, 0.0, 0.0, 0.0, 0.0, 0.4714999999999999]
31
[1637.3, 935.5999999999999, 908.2, 905.1, 910.0, 905.1, 907.9, 909.0, 905.1, 905.1, 905.1, 905.1, 905.1, 905.1, 905.1, 905.1, 905.1, 905.1, 905.1, 905.1, 905.1, 905.1, 905.1, 905.1, 905.1, 905.1, 905.1, 905.1, 905.1, 905.1, 1142.2]
[22.676000000000005, 0.74, 0.119, 0.059, 0.089, 0.0, 0.06, 0.059, 0.0, 0.0, 0.0, 0.0, 0.0, 0.0, 0.0, 0.0, 0.0, 0.0, 0.0, 0.0, 0.0, 0.0, 0.0, 0.0, 0.0, 0.0, 0.0, 0.0, 0.0, 0.0, 0.28900000000000003]
33
[2023.0, 2165.25, 1747.25, 1733.0, 1766.0, 1733.0, 1737.25, 1775.0, 1733.0, 1733.0, 1733.0, 1733.0, 1733.0, 1733.0, 1733.0, 1733.0, 1733.0, 1733.0, 1733.0, 1733.0, 1733.0, 1733.0, 1733.0, 1733.0, 1733.0, 1733.0, 1733.0, 1733.0, 1733.0, 1733.0, 1733.0, 1733.0, 2083.75]
[32.952499999999965, 5.109999999999999, 1.19, 0.59, 0.8899999999999999, 0.0, 0.3, 0.8899999999999999, 0.0, 0.0, 0.0, 0.0, 0.0, 0.0, 0.0, 0.0, 0.0, 0.0, 0.0, 0.0, 0.0, 0.0, 0.0, 0.0, 0.0, 0.0, 0.0, 0.0, 0.0, 0.0, 0.0, 0.0, 0.59]
34
[2752.9230769230767, 2386.076923076923, 2275.6923076923076, 2274.923076923077, 2320.7692307692305, 2268.076923076923, 2345.2307692307695, 2278.538461538462, 2268.076923076923, 2268.076923076923, 2268.076923076923, 2268.076923076923, 2268.076923076923, 2268.076923076923, 2268.076923076923, 2268.076923076923, 2268.076923076923, 2268.076923076923, 2268.076923076923, 2268.076923076923, 2268.076923076923, 2268.076923076923, 2268.076923076923, 2268.076923076923, 2268.076923076923, 2268.076923076923, 2268.076923076923, 2268.076923076923, 2268.076923076923, 2268.076923076923, 2268.076923076923, 2268.076923076923, 2268.076923076923, 2551.7692307692305]
[33.93692307692305, 5.923076923076923, 1.172307692307692, 0.7746153846153845, 0.8899999999999999, 0.0, 0.8899999999999999, 0.29999999999999993, 0.0, 0.0, 0.0, 0.0, 0.0, 0.0, 0.0, 0.0, 0.0, 0.0, 0.0, 0.0, 0.0, 0.0, 0.0, 0.0, 0.0, 0.0, 0.0, 0.0, 0.0, 0.0, 0.0, 0.0, 0.0, 0.5899999999999999]
35
[2100.0, 2030.0, 1872.0, 1765.0, 1970.0, 1765.0, 1890.0, 1770.0, 1765.0, 1765.0, 1765.0, 1765.0, 1765.0, 1765.0, 1765.0, 1765.0, 1765.0, 1765.0, 1765.0, 1765.0, 1765.0, 1765.0, 1765.0, 1765.0, 1765.0, 1765.0, 1765.0, 1765.0, 1765.0, 1765.0, 1765.0, 1765.0, 1765.0, 1765.0, 2364.0]
[32.92999999999997, 5.6000000000000005, 1.68, 0.59, 0.8899999999999999, 0.0, 0.8899999999999999, 0.3, 0.0, 0.0, 0.0, 0.0, 0.0, 0.0, 0.0, 0.0, 0.0, 0.0, 0.0, 0.0, 0.0, 0.0, 0.0, 0.0, 0.0, 0.0, 0.0, 0.0, 0.0, 0.0, 0.0, 0.0, 0.0, 0.0, 0.59]
36
[86933.85714285714, 0.0, 0.0, 0.0, 0.0, 0.0, 0.0, 0.0, 0.0, 0.0, 0.0, 0.0, 0.0, 0.0, 0.0, 0.0, 0.0, 0.0, 0.0, 0.0, 0.0, 0.0, 0.0, 0.0, 0.0, 0.0, 0.0, 0.0, 0.0, 0.0, 0.0, 0.0, 0.0, 0.0, 0.0, 1986.1428571428573]
[8.400000000000002, 0.0, 0.0, 0.0, 0.0, 0.0, 0.0, 0.0, 0.0, 0.0, 0.0, 0.0, 0.0, 0.0, 0.0, 0.0, 0.0, 0.0, 0.0, 0.0, 0.0, 0.0, 0.0, 0.0, 0.0, 0.0, 0.0, 0.0, 0.0, 0.0, 0.0, 0.0, 0.0, 0.0, 0.0, 0.59]
47
[18932.285714285714, 17771.14285714286, 17454.428571428572, 17459.14285714286, 17454.428571428572, 17454.428571428572, 17454.428571428572, 17454.428571428572, 17454.428571428572, 17454.428571428572, 17454.428571428572, 17454.428571428572, 17454.428571428572, 17454.428571428572, 17454.428571428572, 17454.428571428572, 17454.428571428572, 17454.428571428572, 17454.428571428572, 17454.428571428572, 17454.428571428572, 17454.428571428572, 17454.428571428572, 17454.428571428572, 17454.428571428572, 17454.428571428572, 17454.428571428572, 17454.428571428572, 17454.428571428572, 17454.428571428572, 17454.428571428572, 17454.428571428572, 17454.428571428572, 17454.428571428572, 17454.428571428572, 17454.428571428572, 17454.428571428572, 17454.428571428572, 17454.428571428572, 17454.428571428572, 17454.428571428572, 17454.428571428572, 17454.428571428572, 17454.428571428572, 17454.428571428572, 17454.428571428572, 18249.285714285714]
[10.799999999999995, 0.20000000000000004, 0.0, 0.20000000000000004, 0.0, 0.0, 0.0, 0.0, 0.0, 0.0, 0.0, 0.0, 0.0, 0.0, 0.0, 0.0, 0.0, 0.0, 0.0, 0.0, 0.0, 0.0, 0.0, 0.0, 0.0, 0.0, 0.0, 0.0, 0.0, 0.0, 0.0, 0.0, 0.0, 0.0, 0.0, 0.0, 0.0, 0.0, 0.0, 0.0, 0.0, 0.0, 0.0, 0.0, 0.0, 0.0, 0.20000000000000004]
49
[6341.5714285714275, 6214.857142857143, 6211.142857142858, 6211.142857142858, 6211.142857142858, 6211.142857142858, 6211.142857142858, 6211.142857142858, 6211.142857142858, 6211.142857142858, 6211.142857142858, 6211.142857142858, 6211.142857142858, 6211.142857142858, 6211.142857142858, 6211.142857142858, 6211.142857142858, 6211.142857142858, 6211.142857142858, 6211.142857142858, 6211.142857142858, 6211.142857142858, 6211.142857142858, 6211.142857142858, 6211.142857142858, 6211.142857142858, 6211.142857142858, 6211.142857142858, 6211.142857142858, 6211.142857142858, 6211.142857142858, 6211.142857142858, 6211.142857142858, 6211.142857142858, 6211.142857142858, 6211.142857142858, 6211.142857142858, 6211.142857142858, 6211.142857142858, 6211.142857142858, 6211.142857142858, 6211.142857142858, 6211.142857142858, 6211.142857142858, 6211.142857142858, 6211.142857142858, 6211.142857142858, 6211.142857142858, 6292.142857142857]
[12.999999999999988, 0.4000000000000001, 0.0, 0.0, 0.0, 0.0, 0.0, 0.0, 0.0, 0.0, 0.0, 0.0, 0.0, 0.0, 0.0, 0.0, 0.0, 0.0, 0.0, 0.0, 0.0, 0.0, 0.0, 0.0, 0.0, 0.0, 0.0, 0.0, 0.0, 0.0, 0.0, 0.0, 0.0, 0.0, 0.0, 0.0, 0.0, 0.0, 0.0, 0.0, 0.0, 0.0, 0.0, 0.0, 0.0, 0.0, 0.0, 0.0, 0.20000000000000004]
