4
[1489.0144857556722, -56.7170449058429, -135.47223563495967, 89.34620956059757]
[5.279753742153557, 0.3811154031868667, 0.1445533558667315, 0.39523901496861485]
5
[2406.9473684210516, 428.54623044096724, 226.6059743954481, 327.63869132290205, 461.75391180654356]
[5.8836130867709775, 0.504907539118066, 0.19039829302987188, 0.08948790896159332, 0.3502844950213392]
6
[3198.090733590736, 654.7509652509646, 477.3918918918912, 512.2297297297296, 441.1949806949805, 988.8590733590722]
[6.9514285714285675, 1.1023359073359078, 0.14169884169884178, 0.11017374517374527, 0.02818532818532818, 0.3778185328185346]
7
[2497.9765625, 456.515625, 357.6953125, 367.625, 234.2421875, 239.6875, 481.2578125]
[7.724921875000002, 0.7468750000000001, 0.29593750000000024, 0.22734374999999996, 0.03312500000000001, 0.022187500000000002, 0.4108593750000006]
8
[6103.474358974361, 2796.3205128205122, 2401.096153846153, 2911.416666666666, 2339.0384615384614, 2376.9871794871797, 2330.647435897435, 2672.5897435897436]
[8.690833333333336, 0.5695512820512817, 0.20717948717948714, 0.1199358974358974, 0.031538461538461536, 0.033525641025641026, 0.017243589743589742, 0.377115384615384]
9
[5729.970059880243, 132.85029940119773, 121.77844311377251, 119.1497005988024, 114.937125748503, 116.05988023952095, 114.65568862275448, 114.65568862275448, 381.66167664670706]
[11.947724550898219, 0.26709580838323377, 0.3304191616766465, 0.0138622754491018, 0.0077544910179640734, 0.005568862275449102, 0.002964071856287425, 0.0, 0.4601796407185633]
10
[3756.2758620689656, 980.7586206896552, 900.1379310344828, 814.6206896551723, 823.4827586206898, 811.4482758620688, 811.4482758620688, 811.4482758620688, 811.4482758620688, 1278.4482758620688]
[11.388275862068967, 1.1141379310344828, 0.17482758620689653, 0.057931034482758624, 0.1272413793103448, 0.0, 0.0, 0.0, 0.0, 0.39034482758620687]
11
[3152.9464285714284, 428.21428571428567, 332.76785714285717, 259.9107142857143, 363.8571428571429, 258.85714285714283, 277.0892857142857, 258.85714285714283, 444.7142857142858, 270.5892857142857, 311.23214285714283]
[12.73446428571429, 0.5551785714285717, 0.19428571428571428, 0.010714285714285714, 0.30303571428571413, 0.0035714285714285718, 0.02107142857142857, 0.0, 0.20303571428571437, 0.016964285714285713, 0.2782142857142857]
12
[6428.945945945945, 2706.8378378378384, 2651.4324324324325, 2750.6486486486483, 2659.4864864864867, 2650.3513513513512, 2647.054054054054, 2701.2972972972975, 2647.054054054054, 2647.054054054054, 2647.054054054054, 3490.0]
[10.031621621621618, 0.11810810810810811, 0.059189189189189195, 0.1654054054054054, 0.044864864864864865, 0.06378378378378378, 0.0, 0.0372972972972973, 0.0, 0.0, 0.0, 0.5083783783783783]
13
[6831.857142857143, 5361.785714285714, 5577.714285714287, 4563.214285714285, 4573.214285714284, 4587.285714285714, 4715.857142857142, 4563.214285714285, 4563.214285714285, 4563.714285714285, 4563.642857142857, 4563.214285714285, 4820.500000000001]
[10.392142857142858, 0.8092857142857143, 0.34285714285714286, 0.0, 0.08571428571428572, 0.105, 0.22285714285714286, 0.0, 0.0, 0.02142857142857143, 0.02142857142857143, 0.0, 0.37214285714285705]
14
[3381.4, 2349.4500000000003, 2415.8500000000004, 2321.7000000000003, 2322.75, 2284.15, 2430.75, 2291.3, 2261.9, 2261.9, 2261.9, 2264.1, 2261.9, 2327.9]
[11.274000000000001, 0.6525000000000001, 0.0845, 0.0985, 0.11800000000000001, 0.0195, 0.177, 0.0685, 0.0, 0.0, 0.0, 0.039, 0.0, 0.38450000000000006]
15
[3907.1923076923076, 2579.346153846154, 2667.153846153846, 2446.1538461538466, 2458.7692307692305, 2437.961538461539, 2593.2692307692314, 2437.961538461539, 2437.961538461539, 2437.961538461539, 2437.961538461539, 2437.961538461539, 2437.961538461539, 2468.923076923077, 2539.6923076923076]
[11.312692307692304, 0.3746153846153847, 0.1584615384615385, 0.023076923076923075, 0.07923076923076923, 0.0, 0.030000000000000002, 0.0, 0.0, 0.0, 0.0, 0.0, 0.0, 0.05307692307692308, 0.4526923076923077]
16
[27754.75, 16514.5, 16513.75, 16513.75, 16516.0, 16513.75, 16513.75, 16517.25, 16513.75, 16513.75, 16513.75, 16513.75, 16513.75, 16513.75, 16513.75, 17334.75]
[12.999999999999996, 0.05, 0.195, 0.0, 0.1, 0.0, 0.0, 0.1, 0.0, 0.0, 0.0, 0.0, 0.0, 0.0, 0.0, 0.8599999999999999]
17
[12021.999999999998, 0.0, 0.0, 0.0, 0.0, 0.0, 0.0, 0.0, 0.0, 0.0, 0.0, 0.0, 0.0, 0.0, 0.0, 0.0, 376.0]
[7.11, 0.0, 0.0, 0.0, 0.0, 0.0, 0.0, 0.0, 0.0, 0.0, 0.0, 0.0, 0.0, 0.0, 0.0, 0.0, 0.59]
18
[36363.99999999999, 499.6666666666667, 499.6666666666667, 499.6666666666667, 1671.0, 499.6666666666667, 499.6666666666667, 499.6666666666667, 499.6666666666667, 499.6666666666667, 499.6666666666667, 499.6666666666667, 499.6666666666667, 499.6666666666667, 499.6666666666667, 499.6666666666667, 499.6666666666667, 1519.6666666666667]
[11.93666666666667, 0.0, 0.06666666666666667, 0.0, 0.45999999999999996, 0.0, 0.0, 0.0, 0.0, 0.0, 0.0, 0.0, 0.0, 0.0, 0.0, 0.0, 0.0, 0.3933333333333333]
19
[7112.0, 303.0, 303.0, 303.0, 303.0, 303.0, 303.0, 303.0, 303.0, 303.0, 303.0, 303.0, 303.0, 303.0, 303.0, 303.0, 303.0, 303.0, 606.0]
[5.82, 0.0, 0.0, 0.0, 0.0, 0.0, 0.0, 0.0, 0.0, 0.0, 0.0, 0.0, 0.0, 0.0, 0.0, 0.0, 0.0, 0.0, 0.49]
20
[582.0, 422.5, 419.0, 419.0, 419.0, 419.0, 419.0, 419.0, 419.0, 419.0, 419.0, 419.0, 419.0, 419.0, 419.0, 419.0, 419.0, 419.0, 419.0, 536.0]
[17.68, 0.3, 0.0, 0.0, 0.0, 0.0, 0.0, 0.0, 0.0, 0.0, 0.0, 0.0, 0.0, 0.0, 0.0, 0.0, 0.0, 0.0, 0.0, 0.25]
21
[2002.25, 1567.5, 1567.75, 1549.75, 1549.75, 1549.75, 1549.75, 1549.75, 1549.75, 1549.75, 1549.75, 1549.75, 1549.75, 1549.75, 1549.75, 1549.75, 1549.75, 1549.75, 1549.75, 1549.75, 1603.0]
[9.855, 0.175, 0.1, 0.0, 0.0, 0.0, 0.0, 0.0, 0.0, 0.0, 0.0, 0.0, 0.0, 0.25, 0.0, 0.0, 0.0, 0.0, 0.0, 0.0, 0.27249999999999996]
23
[49274.0, 36700.5, 36700.5, 36700.5, 36700.5, 36700.5, 36700.5, 36700.5, 36700.5, 36700.5, 36700.5, 47061.5, 36700.5, 36700.5, 36700.5, 36700.5, 36700.5, 36700.5, 36700.5, 36700.5, 36700.5, 36700.5, 37615.0]
[7.390000000000004, 0.0, 0.0, 0.0, 0.0, 0.0, 0.0, 0.0, 0.0, 0.0, 0.0, 0.39, 0.0, 0.0, 0.0, 0.0, 0.0, 0.0, 0.0, 0.0, 0.0, 0.0, 0.59]
24
[24031.5, 6453.0, 6453.0, 6453.0, 6453.0, 6453.0, 6453.0, 6453.0, 6453.0, 6453.0, 6453.0, 6453.0, 6453.0, 6453.0, 6453.0, 6453.0, 6453.0, 6453.0, 6453.0, 6453.0, 6453.0, 6453.0, 6453.0, 6997.5]
[11.979999999999997, 0.0, 0.0, 0.0, 0.0, 0.0, 0.0, 0.0, 0.0, 0.0, 0.0, 0.0, 0.0, 0.0, 0.0, 0.0, 0.0, 0.0, 0.0, 0.0, 0.0, 0.0, 0.0, 0.44499999999999995]
25
[1781.0, 800.0, 800.0, 800.0, 820.0, 800.0, 800.0, 800.0, 800.0, 800.0, 800.0, 800.0, 800.0, 800.0, 800.0, 800.0, 800.0, 800.0, 800.0, 800.0, 800.0, 800.0, 800.0, 800.0, 1004.0]
[22.049999999999997, 0.0, 0.0, 0.0, 0.3, 0.0, 0.0, 0.0, 0.0, 0.0, 0.0, 0.0, 0.0, 0.0, 0.0, 0.0, 0.0, 0.0, 0.0, 0.0, 0.0, 0.0, 0.0, 0.0, 0.3]
28
[12048.5, 8466.0, 8466.0, 8482.0, 8466.0, 8466.0, 8466.0, 8466.0, 8466.0, 8466.0, 8466.0, 8466.0, 8466.0, 8466.0, 8466.0, 8466.0, 8466.0, 8466.0, 8466.0, 8466.0, 8466.0, 8466.0, 8466.0, 8466.0, 8466.0, 8466.0, 8466.0, 9420.0]
[13.599999999999984, 0.0, 0.0, 0.5, 0.0, 0.0, 0.0, 0.0, 0.0, 0.0, 0.0, 0.0, 0.0, 0.0, 0.0, 0.0, 0.0, 0.0, 0.0, 0.0, 0.0, 0.0, 0.0, 0.0, 0.0, 0.0, 0.0, 0.2]
30
[2460.0, 1863.3333333333333, 1832.6666666666667, 1859.3333333333335, 1821.3333333333335, 1890.6666666666667, 1821.3333333333335, 1821.3333333333335, 1821.3333333333335, 1821.3333333333335, 1821.3333333333335, 1821.3333333333335, 1821.3333333333335, 1821.3333333333335, 1821.3333333333335, 1821.3333333333335, 1821.3333333333335, 1821.3333333333335, 1821.3333333333335, 1821.3333333333335, 1821.3333333333335, 1821.3333333333335, 1821.3333333333335, 1821.3333333333335, 1821.3333333333335, 1821.3333333333335, 1821.3333333333335, 1821.3333333333335, 1821.3333333333335, 2302.3333333333335]
[25.636666666666677, 0.83, 0.19999999999999998, 0.39999999999999997, 0.0, 0.37666666666666665, 0.0, 0.0, 0.0, 0.0, 0.0, 0.0, 0.0, 0.0, 0.0, 0.0, 0.0, 0.0, 0.0, 0.0, 0.0, 0.0, 0.0, 0.0, 0.0, 0.0, 0.0, 0.0, 0.0, 0.46333333333333326]
34
[3512.0, 3034.5, 2777.5, 2780.5, 2868.0, 2771.0, 2911.0, 2786.0, 2771.0, 2771.0, 2771.0, 2771.0, 2771.0, 2771.0, 2771.0, 2771.0, 2771.0, 2771.0, 2771.0, 2771.0, 2771.0, 2771.0, 2771.0, 2771.0, 2771.0, 2771.0, 2771.0, 2771.0, 2771.0, 2771.0, 2771.0, 2771.0, 2771.0, 3204.5]
[33.809999999999974, 6.049999999999999, 1.08, 0.74, 0.8899999999999999, 0.0, 0.8899999999999999, 0.3, 0.0, 0.0, 0.0, 0.0, 0.0, 0.0, 0.0, 0.0, 0.0, 0.0, 0.0, 0.0, 0.0, 0.0, 0.0, 0.0, 0.0, 0.0, 0.0, 0.0, 0.0, 0.0, 0.0, 0.0, 0.0, 0.59]
47
[6336.0, 6124.0, 6059.0, 6064.0, 6059.0, 6059.0, 6059.0, 6059.0, 6059.0, 6059.0, 6059.0, 6059.0, 6059.0, 6059.0, 6059.0, 6059.0, 6059.0, 6059.0, 6059.0, 6059.0, 6059.0, 6059.0, 6059.0, 6059.0, 6059.0, 6059.0, 6059.0, 6059.0, 6059.0, 6059.0, 6059.0, 6059.0, 6059.0, 6059.0, 6059.0, 6059.0, 6059.0, 6059.0, 6059.0, 6059.0, 6059.0, 6059.0, 6059.0, 6059.0, 6059.0, 6059.0, 6203.0]
[10.799999999999994, 0.2, 0.0, 0.2, 0.0, 0.0, 0.0, 0.0, 0.0, 0.0, 0.0, 0.0, 0.0, 0.0, 0.0, 0.0, 0.0, 0.0, 0.0, 0.0, 0.0, 0.0, 0.0, 0.0, 0.0, 0.0, 0.0, 0.0, 0.0, 0.0, 0.0, 0.0, 0.0, 0.0, 0.0, 0.0, 0.0, 0.0, 0.0, 0.0, 0.0, 0.0, 0.0, 0.0, 0.0, 0.0, 0.2]
49
[3893.0, 3828.0, 3821.0, 3821.0, 3821.0, 3821.0, 3821.0, 3821.0, 3821.0, 3821.0, 3821.0, 3821.0, 3821.0, 3821.0, 3821.0, 3821.0, 3821.0, 3821.0, 3821.0, 3821.0, 3821.0, 3821.0, 3821.0, 3821.0, 3821.0, 3821.0, 3821.0, 3821.0, 3821.0, 3821.0, 3821.0, 3821.0, 3821.0, 3821.0, 3821.0, 3821.0, 3821.0, 3821.0, 3821.0, 3821.0, 3821.0, 3821.0, 3821.0, 3821.0, 3821.0, 3821.0, 3821.0, 3821.0, 3864.0]
[12.999999999999986, 0.4, 0.0, 0.0, 0.0, 0.0, 0.0, 0.0, 0.0, 0.0, 0.0, 0.0, 0.0, 0.0, 0.0, 0.0, 0.0, 0.0, 0.0, 0.0, 0.0, 0.0, 0.0, 0.0, 0.0, 0.0, 0.0, 0.0, 0.0, 0.0, 0.0, 0.0, 0.0, 0.0, 0.0, 0.0, 0.0, 0.0, 0.0, 0.0, 0.0, 0.0, 0.0, 0.0, 0.0, 0.0, 0.0, 0.0, 0.2]
4
[3390.2924050632873, 2386.493670886078, 1577.0025316455672, 1026.5291139240517]
[1.1655569620253199, 1.6673924050632871, 1.769291139240504, 0.6580379746835477]
5
[1236.2879432624109, 593.5872340425531, 182.0964539007093, -119.6070921985825, -366.591489361703]
[0.9722695035460998, 1.5602978723404246, 1.6884113475177291, 1.3914184397163096, 0.44248226950354924]
6
[1578.8856885688574, 1173.8775877587748, 743.1179117911794, 488.7686768676875, 323.820882088209, 223.46084608460902]
[1.059189918991904, 2.0019171917191705, 1.7524482448244874, 1.967281728172817, 1.6587578757875792, 0.47771377137713883]
7
[5526.894894894901, 4621.6591591591605, 3476.558558558556, 2517.2267267267257, 1642.0210210210223, 972.3303303303314, 558.7627627627621]
[1.0181231231231234, 1.8667717717717685, 2.305735735735743, 2.457912912912914, 2.1490090090090117, 1.5551051051051052, 0.5529879879879884]
8
[2614.5960912052137, 2024.1335504885994, 1521.941368078175, 1142.5700325732905, 848.4429967426707, 500.73615635179135, 281.8501628664496, 207.59609120521202]
[1.0736482084690555, 1.731758957654725, 2.3965146579804566, 2.0773941368078184, 2.0081433224755716, 1.41472312703583, 0.7906840390879468, 0.331758957654723]
9
[4885.072289156627, 4446.9879518072285, 3999.0843373493985, 3507.1566265060246, 3093.048192771084, 2579.518072289157, 2174.903614457831, 1857.6144578313263, 1657.289156626507]
[0.7990361445783126, 1.1179518072289156, 1.8290361445783134, 2.4210843373493973, 3.123493975903615, 2.8484337349397597, 2.350361445783132, 1.3967469879518064, 0.48481927710843387]
10
[1769.555555555556, 1577.0555555555547, 1291.703703703704, 955.5277777777773, 758.7777777777778, 481.1851851851854, 269.2777777777778, 202.5092592592592, 109.64351851851848, 47.48148148148146]
[0.4449537037037036, 1.0808796296296308, 1.5118055555555574, 3.3047685185185127, 4.723518518518526, 3.633518518518512, 2.015694444444446, 1.9038425925925933, 1.147175925925924, 0.5674074074074059]
11
[1940.4809160305354, 1673.0916030534352, 1439.786259541985, 1205.7175572519081, 981.5801526717557, 813.6030534351144, 636.9007633587787, 466.16030534351154, 339.02290076335885, 187.21374045801522, 74.92366412213737]
[0.5325190839694659, 1.29412213740458, 1.5118320610686995, 1.7084732824427447, 1.1161832061068686, 1.586870229007632, 1.9392366412213775, 1.2929007633587781, 1.3596946564885506, 1.0687786259541994, 0.3750381679389313]
12
[984.625, 966.375, 895.75, 755.78125, 642.8125, 599.59375, 500.03125, 376.15625, 379.75, 320.21875, 109.1875, 16.9375]
[0.5403125, 1.1043749999999997, 3.389375, 5.284999999999998, 4.697499999999999, 3.764687499999999, 4.9959375, 4.741562499999999, 2.6850000000000005, 3.8628124999999986, 1.9159374999999994, 0.46562499999999996]
13
[744.6153846153848, 596.0, 493.3846153846154, 419.61538461538464, 354.61538461538464, 286.53846153846155, 230.84615384615387, 188.07692307692307, 141.6153846153846, 98.76923076923077, 64.84615384615385, 24.615384615384617, 6.230769230769231]
[0.6569230769230769, 0.6492307692307693, 0.7869230769230771, 1.0361538461538462, 1.1792307692307693, 1.0776923076923077, 0.7853846153846153, 0.7392307692307691, 1.0876923076923077, 0.6730769230769231, 0.7676923076923077, 0.6546153846153845, 0.33076923076923076]
14
[396.33333333333337, 365.66666666666663, 327.0, 287.33333333333337, 253.33333333333334, 221.0, 192.0, 160.33333333333334, 131.0, 106.0, 86.66666666666667, 39.66666666666667, 18.0, 11.666666666666668]
[1.25, 1.5433333333333334, 2.0666666666666664, 2.1333333333333333, 2.21, 1.8033333333333335, 1.4499999999999997, 1.2866666666666666, 1.6733333333333333, 1.5066666666666666, 1.7733333333333334, 1.3166666666666667, 1.0566666666666666, 0.5]
15
[1457.8043478260868, 1364.6304347826085, 1249.1739130434787, 1136.0869565217392, 1017.8695652173909, 923.4782608695656, 825.8478260869567, 718.6739130434781, 614.2391304347827, 510.2391304347828, 501.8478260869565, 387.5, 349.3695652173913, 306.5434782608697, 185.60869565217388]
[0.515869565217391, 0.6434782608695659, 0.8560869565217393, 0.6569565217391311, 1.1678260869565207, 1.3284782608695638, 1.2182608695652162, 1.4352173913043464, 0.9967391304347827, 0.7743478260869573, 1.002608695652174, 0.820000000000001, 1.3228260869565232, 1.8408695652173899, 1.2039130434782603]
16
[2895.0, 2789.5, 2723.5, 2656.5, 2584.0, 2413.0, 2225.0, 1995.0, 1401.0, 1221.5, 987.0, 924.5, 687.5, 670.5, 604.0, 135.0]
[0.7449999999999999, 1.28, 1.97, 1.34, 1.72, 1.87, 1.09, 0.94, 3.28, 2.23, 1.2349999999999999, 1.385, 1.9799999999999998, 1.5399999999999998, 1.2449999999999999, 0.4]
17
[13614.333333333334, 12351.333333333332, 11213.0, 10196.0, 9071.666666666668, 8069.0, 7098.333333333333, 6300.666666666667, 5368.333333333334, 4391.666666666667, 2870.0, 1907.0, 1439.6666666666667, 776.3333333333334, 309.3333333333333, 56.333333333333336, 17.333333333333332]
[0.6533333333333333, 1.0866666666666667, 1.0899999999999999, 0.99, 1.3466666666666667, 2.296666666666667, 2.4033333333333333, 1.29, 2.4033333333333333, 1.1933333333333334, 2.75, 2.2733333333333334, 2.5966666666666667, 3.506666666666667, 2.826666666666667, 1.1266666666666667, 0.4966666666666666]
18
[5584.75, 5391.0, 5321.75, 5252.0, 5100.0, 4830.75, 4745.0, 4398.5, 4000.0, 3860.75, 2813.5, 2472.0, 2014.5, 1875.75, 1283.25, 1168.75, 1028.75, 225.5]
[0.8899999999999999, 1.19, 1.19, 1.18, 2.16, 1.92, 2.41, 2.8, 1.78, 3.4299999999999997, 4.569999999999999, 3.1599999999999997, 2.07, 2.3699999999999997, 3.5599999999999996, 2.6799999999999997, 2.09, 0.6]
19
[5548.0, 4913.0, 4387.0, 3892.6, 3426.0, 2990.4, 2556.2, 2077.2, 1730.6000000000001, 1442.6, 1277.2, 1102.0, 896.4, 697.4000000000001, 601.8, 426.6, 390.0, 338.20000000000005, 62.2]
[0.75, 1.73, 2.124, 1.8840000000000001, 1.492, 1.474, 1.0859999999999999, 0.966, 0.966, 0.966, 2.4859999999999998, 1.5259999999999998, 1.238, 1.162, 1.2819999999999998, 1.758, 1.3699999999999999, 1.014, 0.38]
20
[4300.25, 4084.0, 3899.25, 3698.0, 3531.25, 3234.75, 3006.0, 2613.25, 2387.75, 2066.25, 1761.75, 1397.25, 1196.25, 1048.75, 824.25, 718.25, 530.0, 484.0, 424.0, 108.5]
[0.8875, 1.0150000000000001, 1.0875, 1.0825, 1.5725, 1.6949999999999998, 1.455, 1.33, 1.3325, 1.305, 2.5975, 2.6849999999999996, 1.7799999999999998, 1.8699999999999999, 1.7525, 2.2199999999999998, 2.1799999999999997, 1.5899999999999999, 1.29, 0.425]
21
[29450.0, 28787.0, 28136.0, 27117.0, 26541.0, 25778.0, 25107.0, 24454.0, 23770.0, 22943.0, 21780.0, 20898.0, 20070.0, 19698.0, 19034.0, 18613.0, 18142.0, 17602.0, 17279.0, 16957.0, 16739.0]
[0.69, 1.09, 0.99, 1.0, 1.98, 0.8999999999999999, 1.5999999999999999, 1.58, 1.68, 0.7, 1.5899999999999999, 1.6700000000000002, 0.7, 0.7, 1.4899999999999998, 0.7, 0.9900000000000001, 2.57, 2.47, 2.4699999999999998, 1.39]
25
[720.0, 697.0, 660.0, 625.0, 590.0, 555.0, 462.0, 441.0, 425.0, 405.0, 387.0, 368.0, 221.0, 200.0, 185.0, 168.0, 149.0, 135.0, 120.0, 107.0, 93.0, 79.0, 68.0, 56.0, 19.0]
[0.8899999999999999, 0.8899999999999999, 0.8899999999999999, 0.8899999999999999, 0.8899999999999999, 0.8899999999999999, 0.8899999999999999, 0.8899999999999999, 0.8899999999999999, 0.8899999999999999, 0.8899999999999999, 0.8899999999999999, 0.8899999999999999, 0.8899999999999999, 0.8899999999999999, 0.8899999999999999, 0.8899999999999999, 0.8899999999999999, 0.8899999999999999, 0.8899999999999999, 0.8899999999999999, 0.8899999999999999, 0.8899999999999999, 0.79, 0.3]
