4
[3495.9988111412918, 2511.3858695652134, 1696.7756453804325, 1092.2421874999911]
[1.1708576766304482, 1.6889809782608585, 1.7205163043478078, 0.6291117527173894]
5
[2663.074220292132, 2033.9056454796764, 1539.9072246348187, 1219.1934465061158, 923.1630477694453]
[0.9757382550336008, 1.5909909198578591, 1.6491077773391276, 1.3820686932491117, 0.4313245163837495]
6
[1580.8812732640147, 1195.1716082659464, 795.5076370170696, 560.0397895007029, 410.65087921961197, 319.09036067257284]
[1.0298126042870208, 1.9676421512000368, 1.7714722115261377, 1.816438197920652, 1.4437106918239502, 0.4381581311770025]
7
[5137.745793542515, 4249.016825829919, 3228.5998180991487, 2291.240109140521, 1445.0297862664845, 816.0386539336045, 419.59208731241677]
[1.038215097771695, 1.870864029104141, 2.310675306957685, 2.470027285129613, 2.1756821282400707, 1.5464233742610578, 0.550338790359272]
8
[3768.7064064488745, 2944.5854900297013, 2200.5990666101006, 1457.0916419176908, 1061.690708527789, 696.404327535003, 460.19898175647563, 385.42002545609364]
[1.0147305897327046, 1.7294017819261824, 2.3474119643614855, 2.134874840899457, 2.021467967755615, 1.4787993211709782, 0.8362664403903188, 0.33086974968179855]
9
[4312.824027072759, 3819.1421319796996, 3337.96108291032, 2869.7952622673442, 2493.732656514383, 2082.39255499154, 1731.8866328257197, 1447.1996615905275, 1234.9543147208117]
[0.8353468697123535, 1.3722842639593886, 1.956802030456853, 2.3688494077834132, 2.9457698815566795, 2.68680203045685, 2.1463282571912017, 1.3339932318104886, 0.4996277495769865]
10
[1959.5631443298937, 1733.3260309278344, 1418.8659793814413, 1062.4432989690724, 836.0270618556704, 526.0650773195878, 312.16623711340213, 234.90850515463916, 142.92074742268045, 87.65979381443356]
[0.4597422680412308, 1.0967074742268055, 1.4476159793814436, 3.1336791237113495, 4.4100644329897065, 3.360998711340239, 1.7965463917525935, 1.7182280927834872, 1.1094716494845367, 0.55373711340206]
11
[2222.804038004753, 1901.680522565319, 1617.8337292161505, 1333.9726840855103, 1057.5154394299282, 853.6033254156777, 651.1306413301661, 476.2042755344427, 348.56413301662644, 194.00118764845618, 88.80166270783866]
[0.5674821852731556, 1.256567695961991, 1.5262589073634207, 1.6888954869358763, 1.131662707838484, 1.5531472684085486, 1.8902494061757493, 1.1784798099762372, 1.277874109263658, 1.0172327790973872, 0.364370546318291]
12
[1539.0636704119854, 1448.9438202247181, 1355.846441947565, 1215.985018726592, 962.8838951310864, 772.5655430711613, 555.2097378277151, 416.5617977528082, 332.033707865168, 257.8651685393255, 101.99999999999982, 21.910112359550517]
[0.5503745318352057, 1.1467790262172302, 2.7132584269662896, 4.529737827715356, 4.100898876404504, 3.7777153558052357, 4.865056179775277, 4.130486891385759, 2.2341947565543125, 3.0474906367041292, 1.5089887640449495, 0.38951310861423144]
13
[995.7261904761907, 800.3690476190475, 643.8333333333334, 532.9285714285713, 443.6309523809523, 356.48809523809507, 281.73809523809507, 223.30952380952382, 170.77380952380955, 122.86904761904759, 78.04761904761902, 32.39285714285714, 9.238095238095239]
[0.6886904761904766, 0.6970238095238099, 0.8632142857142863, 1.1996428571428577, 1.4390476190476198, 1.310357142857143, 0.9998809523809529, 0.9439285714285718, 1.2474999999999996, 0.8890476190476188, 0.8978571428571418, 0.7658333333333338, 0.36071428571428515]
14
[818.9032258064516, 791.3548387096774, 756.9354838709679, 644.5483870967741, 556.0645161290322, 499.741935483871, 517.516129032258, 368.90322580645164, 427.96774193548384, 304.5806451612904, 196.0, 79.25806451612904, 48.83870967741936, 34.38709677419355]
[0.8377419354838708, 0.9599999999999997, 1.3977419354838705, 1.5741935483870966, 2.4193548387096775, 2.175483870967742, 2.149354838709677, 2.3267741935483865, 2.18741935483871, 2.4451612903225795, 2.4216129032258054, 1.609354838709677, 1.0061290322580643, 0.3706451612903227]
15
[1925.2674418604645, 1808.4031007751942, 1656.906976744186, 1511.0620155038766, 1367.3449612403092, 1235.8527131782948, 1122.3449612403092, 986.5775193798455, 841.0968992248058, 711.2441860465117, 657.0930232558138, 532.8643410852718, 453.79844961240315, 379.10465116279073, 243.86434108527135]
[0.5032558139534858, 0.6168217054263593, 0.8125193798449615, 0.6324806201550416, 1.119186046511628, 1.26046511627907, 1.1888372093023256, 1.350038759689924, 0.9304263565891475, 0.7200387596899256, 0.9506976744186051, 0.7428294573643446, 1.2874031007751994, 1.8182945736434224, 1.2322480620155059]
16
[3681.3636363636365, 3358.818181818182, 3094.181818181818, 2805.5454545454545, 2547.454545454546, 2206.8181818181815, 1887.0, 1669.0000000000002, 1152.090909090909, 937.3636363636364, 751.4545454545454, 677.4545454545455, 494.18181818181813, 454.9090909090908, 401.2727272727273, 94.9090909090909]
[0.7054545454545456, 1.0945454545454547, 1.5963636363636364, 1.3254545454545452, 1.1663636363636365, 1.3354545454545454, 0.9290909090909092, 1.5018181818181817, 1.9163636363636365, 1.4036363636363638, 1.0072727272727273, 1.1163636363636364, 1.5490909090909089, 1.229090909090909, 1.0145454545454544, 0.3454545454545455]
17
[8569.225806451615, 7936.677419354838, 7362.548387096775, 6725.870967741937, 6006.193548387098, 5336.806451612903, 4768.193548387097, 4235.645161290322, 3616.16129032258, 2909.451612903226, 2100.6774193548395, 1469.0967741935483, 1175.7419354838707, 719.6129032258063, 479.29032258064524, 319.3225806451613, 68.74193548387098]
[0.7458064516129033, 1.0761290322580639, 1.1845161290322572, 1.1348387096774195, 1.4061290322580644, 1.5003225806451614, 1.9277419354838712, 1.822903225806451, 1.9251612903225814, 2.4122580645161285, 2.3409677419354833, 1.6790322580645165, 1.9454838709677416, 2.792258064516129, 2.2916129032258055, 1.3180645161290319, 0.5009677419354838]
18
[25974.259259259255, 24099.444444444445, 22292.074074074073, 20511.351851851854, 18788.296296296292, 17021.90740740741, 15324.98148148148, 13422.814814814814, 11551.222222222223, 9936.25925925926, 8105.018518518517, 6340.407407407406, 4673.24074074074, 2924.3518518518517, 1277.425925925926, 981.2592592592594, 743.2962962962964, 222.37037037037035]
[0.8359259259259254, 1.0951851851851857, 1.1216666666666673, 1.5214814814814814, 1.8446296296296305, 2.3000000000000007, 1.9318518518518515, 2.7598148148148134, 1.8203703703703702, 3.7340740740740723, 2.9879629629629636, 2.6774074074074075, 1.8468518518518524, 2.8259259259259264, 3.0088888888888876, 2.7359259259259265, 1.6944444444444442, 0.9331481481481482]
19
[5535.6923076923085, 5165.557692307691, 4815.326923076924, 4482.26923076923, 4204.653846153846, 3859.8461538461543, 3577.730769230768, 3060.3076923076933, 2753.26923076923, 2340.865384615385, 2186.4615384615386, 1814.4423076923078, 1526.576923076923, 1203.2692307692307, 1084.423076923077, 781.9423076923076, 720.8653846153846, 607.3461538461538, 123.34615384615388]
[0.7298076923076923, 1.818269230769231, 2.3021153846153846, 2.040000000000002, 1.7619230769230765, 1.794423076923076, 1.5507692307692316, 1.4565384615384624, 1.2961538461538462, 1.4338461538461544, 3.3332692307692287, 2.0523076923076924, 1.5669230769230769, 1.5024999999999997, 1.6957692307692316, 2.389038461538461, 1.882307692307692, 1.4296153846153836, 0.5096153846153847]
20
[5865.4, 5486.250000000001, 5164.099999999999, 4860.750000000001, 4567.25, 4186.45, 3885.35, 3357.0499999999997, 3052.0, 2660.65, 2263.55, 1858.95, 1585.3999999999999, 1385.6, 1099.9499999999998, 942.9, 677.3500000000001, 590.05, 476.7, 129.75]
[0.8389999999999997, 0.9725000000000001, 1.069, 1.0634999999999997, 1.6025000000000005, 1.7439999999999993, 1.3774999999999995, 1.2225, 1.2234999999999998, 1.2124999999999997, 2.6015000000000006, 2.5525, 1.6955000000000002, 1.7085000000000004, 1.751, 2.2230000000000003, 2.1599999999999997, 1.6739999999999995, 1.2975000000000003, 0.43000000000000016]
21
[34181.0, 33081.71428571429, 31977.42857142857, 30745.571428571428, 29933.571428571428, 28800.14285714286, 27843.999999999996, 26921.428571428572, 25998.142857142862, 25174.428571428572, 24380.0, 23576.0, 22851.714285714286, 22334.0, 21867.0, 21370.285714285714, 20772.428571428572, 20119.0, 19568.428571428572, 19044.428571428572, 18711.285714285714]
[0.6642857142857143, 1.09, 0.9642857142857143, 0.9999999999999998, 1.9671428571428575, 0.8999999999999999, 1.6, 1.5514285714285716, 1.667142857142857, 0.6571428571428571, 1.507142857142857, 1.6, 0.6142857142857143, 0.7, 1.49, 0.7, 1.0342857142857143, 2.557142857142857, 2.428571428571429, 2.457142857142857, 1.3771428571428574]
25
[14201.125, 12789.75, 11561.0, 10487.75, 9503.375, 8575.25, 7699.625, 6892.375, 6142.875, 5283.25, 4725.75, 4213.375, 3708.75, 3270.25, 2851.25, 2453.25, 2074.0, 1741.875, 1428.5, 1134.25, 852.75, 588.375, 340.375, 72.625, 14.375]
[0.75625, 0.75625, 0.75625, 0.75625, 0.75625, 0.75625, 0.75625, 0.75625, 0.75625, 0.75625, 0.75625, 0.75625, 0.75625, 0.75625, 0.75625, 0.75625, 0.75625, 0.75625, 0.75625, 0.75625, 0.75625, 0.75625, 0.75625, 0.7312500000000001, 0.3]
28
[78690.42857142857, 74994.42857142857, 71452.42857142857, 67973.42857142858, 64544.71428571428, 61186.42857142857, 57922.57142857143, 54704.57142857143, 51540.142857142855, 48438.142857142855, 45388.142857142855, 42390.142857142855, 39445.142857142855, 36596.857142857145, 33823.142857142855, 31102.857142857145, 28439.714285714286, 25828.285714285717, 23274.285714285714, 20772.142857142855, 18320.42857142857, 15936.285714285714, 13598.285714285714, 11310.142857142857, 9187.42857142857, 7111.142857142857, 5107.285714285716, 3183.857142857143]
[0.98, 0.98, 0.98, 0.98, 0.98, 0.98, 0.98, 0.98, 0.98, 0.98, 0.98, 0.98, 0.98, 0.98, 0.98, 0.98, 0.98, 0.98, 0.98, 0.98, 0.98, 0.98, 0.98, 0.98, 0.98, 0.98, 0.98, 1.18]
33
[894.8333333333334, 864.5000000000001, 826.1666666666666, 789.1666666666665, 757.3333333333334, 725.0, 693.3333333333333, 662.0, 622.5, 588.8333333333333, 563.0, 531.1666666666666, 510.0, 486.6666666666667, 464.6666666666667, 437.50000000000006, 411.5, 389.0, 366.00000000000006, 343.0, 321.3333333333333, 300.5, 280.16666666666663, 260.5, 240.33333333333331, 220.49999999999997, 199.66666666666669, 175.83333333333331, 150.83333333333331, 132.33333333333331, 111.0, 82.16666666666667, 10.333333333333334]
[0.5633333333333332, 0.8266666666666665, 1.06, 1.06, 1.06, 1.06, 1.06, 1.06, 1.06, 1.06, 1.06, 1.06, 1.06, 1.06, 1.06, 1.06, 1.06, 1.06, 1.06, 1.06, 1.06, 1.06, 1.06, 1.06, 1.06, 1.06, 1.06, 1.06, 1.06, 1.06, 0.7300000000000001, 0.4966666666666666, 0.2333333333333333]
