4
[1133.9075543998883, -146.80217599562536, -154.42767209525294, -20.858355002061714]
[5.14792596140692, 0.3858690296975538, 0.16332078828520624, 0.388207198576698]
5
[1689.0376784015211, -162.30999048524933, -351.6302568981955, -299.9790675547088, -106.94062797336106]
[5.796131303520359, 0.5147402473834292, 0.19208753568030223, 0.08486393910561443, 0.35865651760226575]
6
[3248.3364307187762, 670.5165345722868, 441.87236949986146, 497.4178737359932, 414.13500956545477, 916.5660016397907]
[7.112268379338737, 1.0872998086909282, 0.14705657283410606, 0.10145121617928218, 0.024170538398469516, 0.3783000819896176]
7
[3099.949903660885, 759.8227360308275, 688.4913294797685, 660.211946050096, 512.4932562620426, 547.3593448940271, 973.3246628131003]
[7.064479768786107, 0.7915799614643594, 0.28168593448940316, 0.2079190751445094, 0.024508670520231222, 0.0283140655105973, 0.4084778420038562]
8
[2255.1460784313704, 2092.549019607842, 1831.6078431372532, 2056.446078431372, 1799.8411764705877, 1818.9892156862738, 1795.7176470588229, 1852.3509803921481]
[8.439735294117662, 0.4830196078431379, 0.1558235294117651, 0.08532352941176483, 0.03293137254901961, 0.030637254901960776, 0.019137254901960783, 0.40927450980392444]
9
[2526.8416206261472, 206.40239410681397, 192.82320441988946, 183.12200736648248, 178.8333333333332, 179.0552486187846, 178.53406998158383, 178.53406998158383, 336.51012891344357]
[11.317951197053318, 0.25125230202578214, 0.23432780847145485, 0.014530386740331493, 0.00996777163904236, 0.0046454880294659285, 0.002223756906077348, 0.0, 0.46003683241251436]
10
[4979.789256198346, 2252.206611570248, 2238.528925619834, 2030.4586776859496, 2032.5702479338843, 2028.6652892561976, 2041.7644628099167, 2026.6776859504123, 2023.838842975206, 2311.6198347107447]
[10.71276859504132, 1.2045041322314045, 0.25384297520661125, 0.06351239669421486, 0.11681818181818195, 0.0048760330578512395, 0.03276859504132232, 0.018305785123966942, 0.0, 0.4194628099173559]
11
[3581.652892561984, 382.9504132231404, 264.1707988980714, 238.08264462809922, 347.3112947658403, 239.1625344352617, 243.96143250688704, 243.3140495867769, 447.4104683195589, 241.37190082644628, 277.5041322314047]
[12.068732782369132, 0.5528925619834715, 0.18735537190082696, 0.007438016528925621, 0.27699724517906327, 0.011212121212121213, 0.01137741046831956, 0.0049586776859504135, 0.22107438016529002, 0.010550964187327823, 0.2767217630853996]
12
[6730.388392857145, 2387.758928571428, 2341.263392857143, 2468.2857142857147, 2344.0624999999995, 2349.915178571428, 2337.178571428571, 2372.6205357142853, 2337.178571428571, 2337.178571428571, 2337.178571428571, 3136.281250000001]
[10.34745535714285, 0.12504464285714276, 0.08607142857142858, 0.1985267857142857, 0.03553571428571428, 0.06816964285714283, 0.0, 0.023303571428571423, 0.0, 0.0, 0.0, 0.45915178571428605]
13
[8864.06896551724, 6908.402298850576, 7853.045977011495, 4320.195402298849, 4330.540229885058, 4328.67816091954, 4438.0574712643665, 4320.195402298849, 4330.03448275862, 4320.965517241379, 4320.919540229884, 4320.195402298849, 4550.666666666671]
[12.245172413793105, 1.3819540229885061, 0.3285057471264368, 0.006781609195402299, 0.14022988505747136, 0.03482758620689655, 0.12551724137931033, 0.0, 0.031379310344827584, 0.02413793103448276, 0.029885057471264367, 0.0, 0.36505747126436766]
14
[3086.5294117647068, 636.1344537815125, 706.6974789915971, 587.3529411764708, 550.1344537815127, 524.672268907563, 606.4537815126054, 519.932773109244, 504.35294117647015, 486.705882352941, 486.705882352941, 489.79831932773106, 486.705882352941, 609.3781512605037]
[11.77453781512604, 0.6700840336134449, 0.11058823529411764, 0.1334453781512605, 0.09487394957983195, 0.02789915966386555, 0.1010084033613445, 0.08058823529411764, 0.0025210084033613443, 0.0, 0.0, 0.041344537815126044, 0.0, 0.35806722689075565]
15
[3158.54, 1555.39, 1612.88, 1470.09, 1478.74, 1465.395, 1562.325, 1465.18, 1465.18, 1465.8899999999999, 1465.18, 1465.18, 1465.18, 1484.095, 1557.5200000000004]
[11.849699999999974, 0.3700000000000001, 0.16409999999999997, 0.03090000000000001, 0.07700000000000001, 0.003, 0.0273, 0.0, 0.0, 0.0123, 0.0, 0.0, 0.0054, 0.043400000000000015, 0.44955000000000084]
16
[22237.086956521736, 15366.934782608696, 14851.521739130432, 14917.108695652172, 14852.217391304344, 14851.521739130432, 14851.521739130432, 15168.543478260868, 14851.521739130432, 14851.521739130432, 14851.521739130432, 14851.521739130432, 14851.521739130432, 14851.521739130432, 14851.521739130432, 15446.760869565218]
[8.043913043478259, 0.4765217391304346, 0.05739130434782609, 0.08978260869565217, 0.02608695652173913, 0.0, 0.0, 0.08543478260869568, 0.0, 0.0, 0.0, 0.0, 0.0, 0.0, 0.0, 0.5239130434782611]
17
[18935.826086956517, 240.695652173913, 240.695652173913, 240.695652173913, 240.695652173913, 240.695652173913, 240.695652173913, 240.695652173913, 240.695652173913, 240.695652173913, 240.695652173913, 240.695652173913, 269.0, 240.695652173913, 240.695652173913, 240.695652173913, 653.95652173913]
[11.36826086956522, 0.0, 0.0, 0.0, 0.0, 0.0, 0.0, 0.0, 0.0, 0.0, 0.0, 0.0, 0.056086956521739124, 0.0, 0.0, 0.0, 0.5352173913043483]
18
[23613.171428571426, 7652.885714285715, 7408.400000000001, 7408.400000000001, 7757.8, 7408.400000000001, 7408.400000000001, 7408.400000000001, 7408.400000000001, 7408.400000000001, 7408.400000000001, 7408.400000000001, 7408.400000000001, 7408.400000000001, 7408.400000000001, 7408.400000000001, 7408.400000000001, 8973.857142857143]
[10.227142857142859, 0.786, 0.04, 0.0, 0.35399999999999987, 0.0, 0.0, 0.0, 0.0, 0.0, 0.0, 0.0, 0.0, 0.0, 0.0, 0.0, 0.0, 0.3791428571428572]
19
[6861.499999999999, 376.6, 376.20000000000005, 376.20000000000005, 376.20000000000005, 376.20000000000005, 381.20000000000005, 376.20000000000005, 376.20000000000005, 376.20000000000005, 376.20000000000005, 376.20000000000005, 376.20000000000005, 376.20000000000005, 376.20000000000005, 376.20000000000005, 376.20000000000005, 376.20000000000005, 660.1]
[8.229, 0.3849999999999999, 0.03, 0.0, 0.149, 0.0, 0.03, 0.0, 0.0, 0.0, 0.0, 0.0, 0.0, 0.0, 0.0, 0.0, 0.0, 0.0, 0.5309999999999999]
20
[6655.181818181819, 6066.242424242423, 1378.8181818181815, 1378.8181818181815, 1378.8181818181815, 1378.8181818181815, 1378.8181818181815, 1378.8181818181815, 1378.8181818181815, 1404.393939393939, 1378.8181818181815, 1378.8181818181815, 1378.8181818181815, 1378.8181818181815, 1378.8181818181815, 1378.8181818181815, 1378.8181818181815, 1378.8181818181815, 1378.8181818181815, 1666.6969696969695]
[12.876666666666667, 0.2845454545454546, 0.0, 0.0, 0.0, 0.0, 0.0, 0.0, 0.0, 0.08272727272727273, 0.0, 0.0, 0.0, 0.0, 0.0, 0.0, 0.0, 0.0, 0.0, 0.34151515151515166]
21
[22019.79069767442, 3203.348837209302, 3088.627906976744, 3081.8837209302324, 3081.627906976744, 3081.627906976744, 3081.627906976744, 3083.186046511628, 3081.627906976744, 3081.627906976744, 3081.627906976744, 3081.627906976744, 3081.627906976744, 3084.906976744186, 3081.627906976744, 3081.627906976744, 3081.627906976744, 3081.627906976744, 3081.627906976744, 3081.627906976744, 3666.441860465117]
[10.124418604651162, 0.4586046511627906, 0.03255813953488372, 0.013953488372093023, 0.0, 0.0, 0.0, 0.013720930232558139, 0.0, 0.0, 0.0, 0.0, 0.0, 0.47093023255813937, 0.0, 0.0, 0.0, 0.0, 0.0, 0.0, 0.34232558139534874]
22
[640.5, 24.5, 0.0, 0.0, 0.0, 0.0, 0.0, 0.0, 0.0, 0.0, 0.0, 0.0, 0.0, 0.0, 0.0, 0.0, 0.0, 0.0, 0.0, 0.0, 0.0, 28.5]
[17.759999999999998, 0.3, 0.0, 0.0, 0.0, 0.0, 0.0, 0.0, 0.0, 0.0, 0.0, 0.0, 0.0, 0.0, 0.0, 0.0, 0.0, 0.0, 0.0, 0.0, 0.0, 0.3]
23
[67845.55555555556, 49829.0, 49829.0, 49829.0, 49834.33333333334, 49829.0, 49829.0, 49829.0, 49829.0, 49829.0, 49829.0, 64601.333333333336, 49829.0, 49829.0, 49829.0, 49829.0, 49829.0, 49829.0, 49829.0, 49829.0, 49829.0, 49829.0, 51184.44444444444]
[10.86555555555556, 0.0, 0.0, 0.0, 0.06666666666666667, 0.0, 0.0, 0.0, 0.0, 0.0, 0.0, 0.30333333333333334, 0.0, 0.0, 0.0, 0.0, 0.0, 0.0, 0.0, 0.0, 0.0, 0.0, 0.5255555555555554]
24
[11563.249999999998, 5636.950000000001, 5636.950000000001, 5636.950000000001, 5636.950000000001, 5636.950000000001, 5636.950000000001, 5636.950000000001, 5636.950000000001, 5636.950000000001, 5636.950000000001, 5636.950000000001, 5636.950000000001, 5714.849999999999, 5636.950000000001, 5636.950000000001, 5636.950000000001, 5636.950000000001, 5636.950000000001, 5636.950000000001, 5636.950000000001, 5636.950000000001, 5636.950000000001, 5996.25]
[10.360500000000002, 0.37049999999999994, 0.0, 0.0, 0.0, 0.0, 0.0, 0.09, 0.0, 0.0, 0.0, 0.0, 0.0, 0.1035, 0.0, 0.0, 0.0, 0.0, 0.0, 0.0, 0.0, 0.0, 0.0, 0.483]
25
[1538.5, 400.0, 400.0, 400.0, 415.5, 400.0, 400.0, 400.0, 400.0, 400.0, 400.0, 400.0, 400.0, 400.0, 400.0, 400.0, 400.0, 400.0, 400.0, 400.0, 400.0, 400.0, 400.0, 400.0, 589.5]
[23.275, 0.0, 0.0, 0.0, 0.3, 0.0, 0.0, 0.0, 0.0, 0.0, 0.0, 0.0, 0.0, 0.0, 0.0, 0.0, 0.0, 0.0, 0.0, 0.0, 0.0, 0.0, 0.0, 0.0, 0.3]
28
[45801.61538461538, 3158.846153846154, 3158.846153846154, 3165.5384615384614, 3158.846153846154, 3158.846153846154, 3158.846153846154, 3158.846153846154, 3158.846153846154, 3158.846153846154, 3158.846153846154, 3158.846153846154, 3158.846153846154, 3158.846153846154, 3158.846153846154, 3158.846153846154, 3158.846153846154, 3158.846153846154, 3158.846153846154, 3158.846153846154, 3158.846153846154, 3158.846153846154, 3158.846153846154, 3158.846153846154, 3158.846153846154, 3158.846153846154, 3158.846153846154, 4410.076923076924]
[12.264615384615375, 0.0, 0.0, 0.23076923076923078, 0.0, 0.0, 0.0, 0.0, 0.0, 0.0, 0.0, 0.0, 0.0, 0.0, 0.0, 0.0, 0.0, 0.0, 0.0, 0.0, 0.0, 0.0, 0.0, 0.0, 0.0, 0.0, 0.0, 0.41]
30
[2929.9500000000007, 2232.35, 2189.25, 2233.05, 2178.1499999999996, 2266.55, 2178.1499999999996, 2178.1499999999996, 2178.1499999999996, 2178.1499999999996, 2178.1499999999996, 2178.1499999999996, 2178.1499999999996, 2178.1499999999996, 2178.1499999999996, 2178.1499999999996, 2178.1499999999996, 2178.1499999999996, 2178.1499999999996, 2178.1499999999996, 2178.1499999999996, 2178.1499999999996, 2178.1499999999996, 2178.1499999999996, 2178.1499999999996, 2178.1499999999996, 2178.1499999999996, 2178.1499999999996, 2178.1499999999996, 2799.85]
[24.711500000000004, 0.8415000000000002, 0.21, 0.42, 0.0, 0.39549999999999996, 0.0, 0.0, 0.0, 0.0, 0.0, 0.0, 0.0, 0.0, 0.0, 0.0, 0.0, 0.0, 0.0, 0.0, 0.0, 0.0, 0.0, 0.0, 0.0, 0.0, 0.0, 0.0, 0.0, 0.4714999999999999]
31
[1637.3, 935.5999999999999, 908.2, 905.1, 910.0, 905.1, 907.9, 909.0, 905.1, 905.1, 905.1, 905.1, 905.1, 905.1, 905.1, 905.1, 905.1, 905.1, 905.1, 905.1, 905.1, 905.1, 905.1, 905.1, 905.1, 905.1, 905.1, 905.1, 905.1, 905.1, 1142.2]
[22.676000000000005, 0.74, 0.119, 0.059, 0.089, 0.0, 0.06, 0.059, 0.0, 0.0, 0.0, 0.0, 0.0, 0.0, 0.0, 0.0, 0.0, 0.0, 0.0, 0.0, 0.0, 0.0, 0.0, 0.0, 0.0, 0.0, 0.0, 0.0, 0.0, 0.0, 0.28900000000000003]
33
[2023.0, 2165.25, 1747.25, 1733.0, 1766.0, 1733.0, 1737.25, 1775.0, 1733.0, 1733.0, 1733.0, 1733.0, 1733.0, 1733.0, 1733.0, 1733.0, 1733.0, 1733.0, 1733.0, 1733.0, 1733.0, 1733.0, 1733.0, 1733.0, 1733.0, 1733.0, 1733.0, 1733.0, 1733.0, 1733.0, 1733.0, 1733.0, 2083.75]
[32.952499999999965, 5.109999999999999, 1.19, 0.59, 0.8899999999999999, 0.0, 0.3, 0.8899999999999999, 0.0, 0.0, 0.0, 0.0, 0.0, 0.0, 0.0, 0.0, 0.0, 0.0, 0.0, 0.0, 0.0, 0.0, 0.0, 0.0, 0.0, 0.0, 0.0, 0.0, 0.0, 0.0, 0.0, 0.0, 0.59]
34
[2752.9230769230767, 2386.076923076923, 2275.6923076923076, 2274.923076923077, 2320.7692307692305, 2268.076923076923, 2345.2307692307695, 2278.538461538462, 2268.076923076923, 2268.076923076923, 2268.076923076923, 2268.076923076923, 2268.076923076923, 2268.076923076923, 2268.076923076923, 2268.076923076923, 2268.076923076923, 2268.076923076923, 2268.076923076923, 2268.076923076923, 2268.076923076923, 2268.076923076923, 2268.076923076923, 2268.076923076923, 2268.076923076923, 2268.076923076923, 2268.076923076923, 2268.076923076923, 2268.076923076923, 2268.076923076923, 2268.076923076923, 2268.076923076923, 2268.076923076923, 2551.7692307692305]
[33.93692307692305, 5.923076923076923, 1.172307692307692, 0.7746153846153845, 0.8899999999999999, 0.0, 0.8899999999999999, 0.29999999999999993, 0.0, 0.0, 0.0, 0.0, 0.0, 0.0, 0.0, 0.0, 0.0, 0.0, 0.0, 0.0, 0.0, 0.0, 0.0, 0.0, 0.0, 0.0, 0.0, 0.0, 0.0, 0.0, 0.0, 0.0, 0.0, 0.5899999999999999]
35
[2100.0, 2030.0, 1872.0, 1765.0, 1970.0, 1765.0, 1890.0, 1770.0, 1765.0, 1765.0, 1765.0, 1765.0, 1765.0, 1765.0, 1765.0, 1765.0, 1765.0, 1765.0, 1765.0, 1765.0, 1765.0, 1765.0, 1765.0, 1765.0, 1765.0, 1765.0, 1765.0, 1765.0, 1765.0, 1765.0, 1765.0, 1765.0, 1765.0, 1765.0, 2364.0]
[32.92999999999997, 5.6000000000000005, 1.68, 0.59, 0.8899999999999999, 0.0, 0.8899999999999999, 0.3, 0.0, 0.0, 0.0, 0.0, 0.0, 0.0, 0.0, 0.0, 0.0, 0.0, 0.0, 0.0, 0.0, 0.0, 0.0, 0.0, 0.0, 0.0, 0.0, 0.0, 0.0, 0.0, 0.0, 0.0, 0.0, 0.0, 0.59]
36
[86933.85714285714, 0.0, 0.0, 0.0, 0.0, 0.0, 0.0, 0.0, 0.0, 0.0, 0.0, 0.0, 0.0, 0.0, 0.0, 0.0, 0.0, 0.0, 0.0, 0.0, 0.0, 0.0, 0.0, 0.0, 0.0, 0.0, 0.0, 0.0, 0.0, 0.0, 0.0, 0.0, 0.0, 0.0, 0.0, 1986.1428571428573]
[8.400000000000002, 0.0, 0.0, 0.0, 0.0, 0.0, 0.0, 0.0, 0.0, 0.0, 0.0, 0.0, 0.0, 0.0, 0.0, 0.0, 0.0, 0.0, 0.0, 0.0, 0.0, 0.0, 0.0, 0.0, 0.0, 0.0, 0.0, 0.0, 0.0, 0.0, 0.0, 0.0, 0.0, 0.0, 0.0, 0.59]
47
[18932.285714285714, 17771.14285714286, 17454.428571428572, 17459.14285714286, 17454.428571428572, 17454.428571428572, 17454.428571428572, 17454.428571428572, 17454.428571428572, 17454.428571428572, 17454.428571428572, 17454.428571428572, 17454.428571428572, 17454.428571428572, 17454.428571428572, 17454.428571428572, 17454.428571428572, 17454.428571428572, 17454.428571428572, 17454.428571428572, 17454.428571428572, 17454.428571428572, 17454.428571428572, 17454.428571428572, 17454.428571428572, 17454.428571428572, 17454.428571428572, 17454.428571428572, 17454.428571428572, 17454.428571428572, 17454.428571428572, 17454.428571428572, 17454.428571428572, 17454.428571428572, 17454.428571428572, 17454.428571428572, 17454.428571428572, 17454.428571428572, 17454.428571428572, 17454.428571428572, 17454.428571428572, 17454.428571428572, 17454.428571428572, 17454.428571428572, 17454.428571428572, 17454.428571428572, 18249.285714285714]
[10.799999999999995, 0.20000000000000004, 0.0, 0.20000000000000004, 0.0, 0.0, 0.0, 0.0, 0.0, 0.0, 0.0, 0.0, 0.0, 0.0, 0.0, 0.0, 0.0, 0.0, 0.0, 0.0, 0.0, 0.0, 0.0, 0.0, 0.0, 0.0, 0.0, 0.0, 0.0, 0.0, 0.0, 0.0, 0.0, 0.0, 0.0, 0.0, 0.0, 0.0, 0.0, 0.0, 0.0, 0.0, 0.0, 0.0, 0.0, 0.0, 0.20000000000000004]
49
[6341.5714285714275, 6214.857142857143, 6211.142857142858, 6211.142857142858, 6211.142857142858, 6211.142857142858, 6211.142857142858, 6211.142857142858, 6211.142857142858, 6211.142857142858, 6211.142857142858, 6211.142857142858, 6211.142857142858, 6211.142857142858, 6211.142857142858, 6211.142857142858, 6211.142857142858, 6211.142857142858, 6211.142857142858, 6211.142857142858, 6211.142857142858, 6211.142857142858, 6211.142857142858, 6211.142857142858, 6211.142857142858, 6211.142857142858, 6211.142857142858, 6211.142857142858, 6211.142857142858, 6211.142857142858, 6211.142857142858, 6211.142857142858, 6211.142857142858, 6211.142857142858, 6211.142857142858, 6211.142857142858, 6211.142857142858, 6211.142857142858, 6211.142857142858, 6211.142857142858, 6211.142857142858, 6211.142857142858, 6211.142857142858, 6211.142857142858, 6211.142857142858, 6211.142857142858, 6211.142857142858, 6211.142857142858, 6292.142857142857]
[12.999999999999988, 0.4000000000000001, 0.0, 0.0, 0.0, 0.0, 0.0, 0.0, 0.0, 0.0, 0.0, 0.0, 0.0, 0.0, 0.0, 0.0, 0.0, 0.0, 0.0, 0.0, 0.0, 0.0, 0.0, 0.0, 0.0, 0.0, 0.0, 0.0, 0.0, 0.0, 0.0, 0.0, 0.0, 0.0, 0.0, 0.0, 0.0, 0.0, 0.0, 0.0, 0.0, 0.0, 0.0, 0.0, 0.0, 0.0, 0.0, 0.0, 0.20000000000000004]
4
[1513.769191576088, 1026.5512907608731, 709.3361073369588, 353.2639266304342]
[1.1708576766304482, 1.6889809782608585, 1.7205163043478078, 0.6291117527173894]
5
[1163.4080142123948, 534.2394393999216, 40.24101855507413, -280.472759573626, -576.5031583103003]
[0.9757382550336008, 1.5909909198578591, 1.6491077773391276, 1.3820686932491117, 0.4313245163837495]
6
[1580.8812732640147, 1195.1716082659464, 795.5076370170696, 560.0397895007029, 410.65087921961197, 319.09036067257284]
[1.0298126042870208, 1.9676421512000368, 1.7714722115261377, 1.816438197920652, 1.4437106918239502, 0.4381581311770025]
7
[3451.5227376079956, 2687.699181446107, 1917.0929968167427, 1354.449522510231, 882.9554342883126, 566.2278308321952, 357.1393815370643]
[1.038215097771695, 1.870864029104141, 2.310675306957685, 2.470027285129613, 2.1756821282400707, 1.5464233742610578, 0.550338790359272]
8
[2726.7148918116245, 2134.1476453118385, 1621.7148918116243, 1109.7611370386091, 945.9138735680948, 580.6274925753079, 460.19898175647563, 385.42002545609364]
[1.0147305897327046, 1.7294017819261824, 2.3474119643614855, 2.134874840899457, 2.021467967755615, 1.4787993211709782, 0.8362664403903188, 0.33086974968179855]
9
[4138.328257191206, 3644.6463620981417, 3163.4653130287643, 2695.299492385788, 2319.236886632825, 1907.8967851099833, 1557.3908629441623, 1272.7038917089706, 1060.4585448392575]
[0.8353468697123535, 1.3722842639593886, 1.956802030456853, 2.3688494077834132, 2.9457698815566795, 2.68680203045685, 2.1463282571912017, 1.3339932318104886, 0.4996277495769865]
10
[1959.5631443298937, 1733.3260309278344, 1418.8659793814413, 1062.4432989690724, 836.0270618556704, 526.0650773195878, 312.16623711340213, 234.90850515463916, 142.92074742268045, 87.65979381443356]
[0.4597422680412308, 1.0967074742268055, 1.4476159793814436, 3.1336791237113495, 4.4100644329897065, 3.360998711340239, 1.7965463917525935, 1.7182280927834872, 1.1094716494845367, 0.55373711340206]
11
[2222.804038004753, 1901.680522565319, 1617.8337292161505, 1333.9726840855103, 1057.5154394299282, 853.6033254156777, 651.1306413301661, 476.2042755344427, 348.56413301662644, 194.00118764845618, 88.80166270783866]
[0.5674821852731556, 1.256567695961991, 1.5262589073634207, 1.6888954869358763, 1.131662707838484, 1.5531472684085486, 1.8902494061757493, 1.1784798099762372, 1.277874109263658, 1.0172327790973872, 0.364370546318291]
12
[1539.0636704119854, 1448.9438202247181, 1355.846441947565, 1215.985018726592, 962.8838951310864, 772.5655430711613, 555.2097378277151, 416.5617977528082, 332.033707865168, 257.8651685393255, 101.99999999999982, 21.910112359550517]
[0.5503745318352057, 1.1467790262172302, 2.7132584269662896, 4.529737827715356, 4.100898876404504, 3.7777153558052357, 4.865056179775277, 4.130486891385759, 2.2341947565543125, 3.0474906367041292, 1.5089887640449495, 0.38951310861423144]
13
[995.7261904761907, 800.3690476190475, 643.8333333333334, 532.9285714285713, 443.6309523809523, 356.48809523809507, 281.73809523809507, 223.30952380952382, 170.77380952380955, 122.86904761904759, 78.04761904761902, 32.39285714285714, 9.238095238095239]
[0.6886904761904766, 0.6970238095238099, 0.8632142857142863, 1.1996428571428577, 1.4390476190476198, 1.310357142857143, 0.9998809523809529, 0.9439285714285718, 1.2474999999999996, 0.8890476190476188, 0.8978571428571418, 0.7658333333333338, 0.36071428571428515]
14
[818.9032258064516, 791.3548387096774, 756.9354838709679, 644.5483870967741, 556.0645161290322, 499.741935483871, 517.516129032258, 368.90322580645164, 427.96774193548384, 304.5806451612904, 196.0, 79.25806451612904, 48.83870967741936, 34.38709677419355]
[0.8377419354838708, 0.9599999999999997, 1.3977419354838705, 1.5741935483870966, 2.4193548387096775, 2.175483870967742, 2.149354838709677, 2.3267741935483865, 2.18741935483871, 2.4451612903225795, 2.4216129032258054, 1.609354838709677, 1.0061290322580643, 0.3706451612903227]
15
[1925.2674418604645, 1808.4031007751942, 1656.906976744186, 1511.0620155038766, 1367.3449612403092, 1235.8527131782948, 1122.3449612403092, 986.5775193798455, 841.0968992248058, 711.2441860465117, 657.0930232558138, 532.8643410852718, 453.79844961240315, 379.10465116279073, 243.86434108527135]
[0.5032558139534858, 0.6168217054263593, 0.8125193798449615, 0.6324806201550416, 1.119186046511628, 1.26046511627907, 1.1888372093023256, 1.350038759689924, 0.9304263565891475, 0.7200387596899256, 0.9506976744186051, 0.7428294573643446, 1.2874031007751994, 1.8182945736434224, 1.2322480620155059]
16
[3681.3636363636365, 3358.818181818182, 3094.181818181818, 2805.5454545454545, 2547.454545454546, 2206.8181818181815, 1887.0, 1669.0000000000002, 1152.090909090909, 937.3636363636364, 751.4545454545454, 677.4545454545455, 494.18181818181813, 454.9090909090908, 401.2727272727273, 94.9090909090909]
[0.7054545454545456, 1.0945454545454547, 1.5963636363636364, 1.3254545454545452, 1.1663636363636365, 1.3354545454545454, 0.9290909090909092, 1.5018181818181817, 1.9163636363636365, 1.4036363636363638, 1.0072727272727273, 1.1163636363636364, 1.5490909090909089, 1.229090909090909, 1.0145454545454544, 0.3454545454545455]
17
[8569.225806451615, 7936.677419354838, 7362.548387096775, 6725.870967741937, 6006.193548387098, 5336.806451612903, 4768.193548387097, 4235.645161290322, 3616.16129032258, 2909.451612903226, 2100.6774193548395, 1469.0967741935483, 1175.7419354838707, 719.6129032258063, 479.29032258064524, 319.3225806451613, 68.74193548387098]
[0.7458064516129033, 1.0761290322580639, 1.1845161290322572, 1.1348387096774195, 1.4061290322580644, 1.5003225806451614, 1.9277419354838712, 1.822903225806451, 1.9251612903225814, 2.4122580645161285, 2.3409677419354833, 1.6790322580645165, 1.9454838709677416, 2.792258064516129, 2.2916129032258055, 1.3180645161290319, 0.5009677419354838]
18
[25974.259259259255, 24099.444444444445, 22292.074074074073, 20511.351851851854, 18788.296296296292, 17021.90740740741, 15324.98148148148, 13422.814814814814, 11551.222222222223, 9936.25925925926, 8105.018518518517, 6340.407407407406, 4673.24074074074, 2924.3518518518517, 1277.425925925926, 981.2592592592594, 743.2962962962964, 222.37037037037035]
[0.8359259259259254, 1.0951851851851857, 1.1216666666666673, 1.5214814814814814, 1.8446296296296305, 2.3000000000000007, 1.9318518518518515, 2.7598148148148134, 1.8203703703703702, 3.7340740740740723, 2.9879629629629636, 2.6774074074074075, 1.8468518518518524, 2.8259259259259264, 3.0088888888888876, 2.7359259259259265, 1.6944444444444442, 0.9331481481481482]
19
[5535.6923076923085, 5165.557692307691, 4815.326923076924, 4482.26923076923, 4204.653846153846, 3859.8461538461543, 3577.730769230768, 3060.3076923076933, 2753.26923076923, 2340.865384615385, 2186.4615384615386, 1814.4423076923078, 1526.576923076923, 1203.2692307692307, 1084.423076923077, 781.9423076923076, 720.8653846153846, 607.3461538461538, 123.34615384615388]
[0.7298076923076923, 1.818269230769231, 2.3021153846153846, 2.040000000000002, 1.7619230769230765, 1.794423076923076, 1.5507692307692316, 1.4565384615384624, 1.2961538461538462, 1.4338461538461544, 3.3332692307692287, 2.0523076923076924, 1.5669230769230769, 1.5024999999999997, 1.6957692307692316, 2.389038461538461, 1.882307692307692, 1.4296153846153836, 0.5096153846153847]
20
[5865.4, 5486.250000000001, 5164.099999999999, 4860.750000000001, 4567.25, 4186.45, 3885.35, 3357.0499999999997, 3052.0, 2660.65, 2263.55, 1858.95, 1585.3999999999999, 1385.6, 1099.9499999999998, 942.9, 677.3500000000001, 590.05, 476.7, 129.75]
[0.8389999999999997, 0.9725000000000001, 1.069, 1.0634999999999997, 1.6025000000000005, 1.7439999999999993, 1.3774999999999995, 1.2225, 1.2234999999999998, 1.2124999999999997, 2.6015000000000006, 2.5525, 1.6955000000000002, 1.7085000000000004, 1.751, 2.2230000000000003, 2.1599999999999997, 1.6739999999999995, 1.2975000000000003, 0.43000000000000016]
21
[34181.0, 33081.71428571429, 31977.42857142857, 30745.571428571428, 29933.571428571428, 28800.14285714286, 27843.999999999996, 26921.428571428572, 25998.142857142862, 25174.428571428572, 24380.0, 23576.0, 22851.714285714286, 22334.0, 21867.0, 21370.285714285714, 20772.428571428572, 20119.0, 19568.428571428572, 19044.428571428572, 18711.285714285714]
[0.6642857142857143, 1.09, 0.9642857142857143, 0.9999999999999998, 1.9671428571428575, 0.8999999999999999, 1.6, 1.5514285714285716, 1.667142857142857, 0.6571428571428571, 1.507142857142857, 1.6, 0.6142857142857143, 0.7, 1.49, 0.7, 1.0342857142857143, 2.557142857142857, 2.428571428571429, 2.457142857142857, 1.3771428571428574]
25
[14201.125, 12789.75, 11561.0, 10487.75, 9503.375, 8575.25, 7699.625, 6892.375, 6142.875, 5283.25, 4725.75, 4213.375, 3708.75, 3270.25, 2851.25, 2453.25, 2074.0, 1741.875, 1428.5, 1134.25, 852.75, 588.375, 340.375, 72.625, 14.375]
[0.75625, 0.75625, 0.75625, 0.75625, 0.75625, 0.75625, 0.75625, 0.75625, 0.75625, 0.75625, 0.75625, 0.75625, 0.75625, 0.75625, 0.75625, 0.75625, 0.75625, 0.75625, 0.75625, 0.75625, 0.75625, 0.75625, 0.75625, 0.7312500000000001, 0.3]
28
[78690.42857142857, 74994.42857142857, 71452.42857142857, 67973.42857142858, 64544.71428571428, 61186.42857142857, 57922.57142857143, 54704.57142857143, 51540.142857142855, 48438.142857142855, 45388.142857142855, 42390.142857142855, 39445.142857142855, 36596.857142857145, 33823.142857142855, 31102.857142857145, 28439.714285714286, 25828.285714285717, 23274.285714285714, 20772.142857142855, 18320.42857142857, 15936.285714285714, 13598.285714285714, 11310.142857142857, 9187.42857142857, 7111.142857142857, 5107.285714285716, 3183.857142857143]
[0.98, 0.98, 0.98, 0.98, 0.98, 0.98, 0.98, 0.98, 0.98, 0.98, 0.98, 0.98, 0.98, 0.98, 0.98, 0.98, 0.98, 0.98, 0.98, 0.98, 0.98, 0.98, 0.98, 0.98, 0.98, 0.98, 0.98, 1.18]
33
[894.8333333333334, 864.5000000000001, 826.1666666666666, 789.1666666666665, 757.3333333333334, 725.0, 693.3333333333333, 662.0, 622.5, 588.8333333333333, 563.0, 531.1666666666666, 510.0, 486.6666666666667, 464.6666666666667, 437.50000000000006, 411.5, 389.0, 366.00000000000006, 343.0, 321.3333333333333, 300.5, 280.16666666666663, 260.5, 240.33333333333331, 220.49999999999997, 199.66666666666669, 175.83333333333331, 150.83333333333331, 132.33333333333331, 111.0, 82.16666666666667, 10.333333333333334]
[0.5633333333333332, 0.8266666666666665, 1.06, 1.06, 1.06, 1.06, 1.06, 1.06, 1.06, 1.06, 1.06, 1.06, 1.06, 1.06, 1.06, 1.06, 1.06, 1.06, 1.06, 1.06, 1.06, 1.06, 1.06, 1.06, 1.06, 1.06, 1.06, 1.06, 1.06, 1.06, 0.7300000000000001, 0.4966666666666666, 0.2333333333333333]
