4
[82.17257424387478, 30.897084986998546, 27.06048994115211, 175.9915834131571]
[0.512158204461481, 0.23579102230737722, 0.11661215273025782, 0.3476926235116968]
5
[261.4167459562322, 81.81370123691697, 15.702188392007706, 48.82454804947672, 156.0329210275912]
[0.5412064700285192, 0.3250523311132164, 0.14690960989533774, 0.07989724072312154, 0.3360475737392794]
6
[112.12161792839562, 62.4069417873737, 9.73380705110686, 28.637059305821243, 3.0650450942880574, 279.6283137469253]
[0.545080623121067, 0.30266466247608576, 0.1162230117518426, 0.09347909264826279, 0.022303908171631578, 0.35642251981416034]
7
[199.02504816955667, 15.175337186897881, 41.17919075144509, 69.41522157996148, 9.026974951830443, 4.931599229287091, 156.2832369942197]
[0.5105780346820853, 0.3059826589595379, 0.2330539499036607, 0.16870905587668636, 0.024508670520231222, 0.026059730250481694, 0.3919942196531821]
8
[261.00588235294106, 34.17647058823533, 6.270588235294113, 11.279411764705884, 5.427450980392157, 21.06764705882354, 4.0588235294117645, 174.3235294117648]
[0.5203627450980393, 0.20959803921568587, 0.11669607843137267, 0.062205882352941215, 0.028882352941176467, 0.027205882352941163, 0.019137254901960783, 0.36780392156862973]
9
[96.55156537753221, 3.5276243093922655, 2.6008287292817682, 0.7380294659300185, 0.0423572744014733, 0.21454880294659298, 0.0, 0.0, 249.06123388581958]
[0.539056169429101, 0.061385819521178844, 0.07675874769797443, 0.011091160220994474, 0.00996777163904236, 0.0046454880294659285, 0.002223756906077348, 0.0, 0.45749079189686065]
10
[645.9256198347107, 35.8512396694215, 145.8181818181818, 1.5950413223140496, 2.322314049586777, 0.0, 0.05785123966942149, 0.0, 0.0, 177.62396694214874]
[0.47979338842975194, 0.33962809917355347, 0.18028925619834688, 0.05483471074380165, 0.11681818181818195, 0.003264462809917355, 0.009917355371900825, 0.018305785123966942, 0.0, 0.3966115702479342]
11
[18.03305785123967, 5.644628099173552, 1.0661157024793386, 0.013774104683195593, 39.80716253443522, 1.1515151515151514, 0.9201101928374654, 0.8016528925619835, 83.50137741046832, 0.7493112947658402, 30.48209366391191]
[0.5207162534435272, 0.3442975206611562, 0.1743526170798903, 0.007438016528925621, 0.27699724517906327, 0.011212121212121213, 0.01137741046831956, 0.0049586776859504135, 0.22107438016529002, 0.010550964187327823, 0.2767217630853996]
12
[11.575892857142861, 11.352678571428573, 0.59375, 24.272321428571434, 6.88392857142857, 4.647321428571429, 0.0, 30.486607142857142, 0.0, 0.0, 0.0, 319.91517857142867]
[0.5020535714285715, 0.11745535714285706, 0.08607142857142858, 0.14651785714285703, 0.03553571428571428, 0.06816964285714283, 0.0, 0.023303571428571423, 0.0, 0.0, 0.0, 0.4155803571428574]
13
[562.1954022988504, 829.5862068965521, 551.3103448275862, 0.0, 0.10344827586206896, 6.873563218390805, 62.896551724137936, 0.0, 10.379310344827587, 0.0, 0.0, 0.0, 67.5632183908046]
[0.502528735632184, 0.5256321839080461, 0.234367816091954, 0.006781609195402299, 0.14022988505747136, 0.03482758620689655, 0.12551724137931033, 0.0, 0.031379310344827584, 0.02413793103448276, 0.029885057471264367, 0.0, 0.36505747126436766]
14
[431.252100840336, 26.66386554621848, 163.62184873949585, 0.12605042016806722, 3.857142857142857, 24.3109243697479, 74.9327731092437, 0.0, 0.0, 0.0, 0.0, 0.4621848739495798, 0.0, 86.73109243697479]
[0.5441176470588229, 0.31302521008403333, 0.11058823529411764, 0.06823529411764706, 0.048403361344537814, 0.02789915966386555, 0.1010084033613445, 0.04588235294117647, 0.0025210084033613443, 0.0, 0.0, 0.041344537815126044, 0.0, 0.35806722689075565]
15
[592.55, 0.20000000000000004, 19.939999999999998, 0.0, 0.32, 0.0, 36.760000000000005, 0.0, 0.0, 0.0, 0.0, 0.0, 0.0, 0.0, 46.17000000000003]
[0.6394499999999993, 0.06710000000000002, 0.05950000000000002, 0.024500000000000004, 0.04020000000000001, 0.003, 0.0273, 0.0, 0.0, 0.0123, 0.0, 0.0, 0.0054, 0.0118, 0.44955000000000084]
16
[15.630434782608695, 1.1739130434782608, 0.0, 9.0, 0.0, 0.0, 0.0, 0.0, 0.0, 0.0, 0.0, 0.0, 0.0, 0.0, 0.0, 519.5434782608696]
[0.4728260869565215, 0.1941304347826087, 0.05739130434782609, 0.08978260869565217, 0.02608695652173913, 0.0, 0.0, 0.08543478260869568, 0.0, 0.0, 0.0, 0.0, 0.0, 0.0, 0.0, 0.44695652173913064]
17
[175.7826086956522, 0.0, 0.0, 0.0, 0.0, 0.0, 0.0, 0.0, 0.0, 0.0, 0.0, 0.0, 11.73913043478261, 0.0, 0.0, 0.0, 413.2608695652173]
[0.507391304347826, 0.0, 0.0, 0.0, 0.0, 0.0, 0.0, 0.0, 0.0, 0.0, 0.0, 0.0, 0.056086956521739124, 0.0, 0.0, 0.0, 0.5352173913043483]
18
[0.2571428571428571, 0.0, 0.0, 0.0, 118.85714285714286, 0.0, 0.0, 0.0, 0.0, 0.0, 0.0, 0.0, 0.0, 0.0, 0.0, 0.0, 0.0, 930.3428571428569]
[0.4719999999999997, 0.07342857142857143, 0.04, 0.0, 0.35399999999999987, 0.0, 0.0, 0.0, 0.0, 0.0, 0.0, 0.0, 0.0, 0.0, 0.0, 0.0, 0.0, 0.3791428571428572]
19
[1540.3000000000002, 0.0, 0.0, 0.0, 0.0, 0.0, 3.7, 0.0, 0.0, 0.0, 0.0, 0.0, 0.0, 0.0, 0.0, 0.0, 0.0, 0.0, 283.90000000000003]
[0.48899999999999993, 0.03, 0.03, 0.0, 0.059, 0.0, 0.03, 0.0, 0.0, 0.0, 0.0, 0.0, 0.0, 0.0, 0.0, 0.0, 0.0, 0.0, 0.5309999999999999]
20
[63.39393939393939, 660.6969696969696, 0.0, 0.0, 0.0, 0.0, 0.0, 0.0, 0.0, 11.727272727272727, 0.0, 0.0, 0.0, 0.0, 0.0, 0.0, 0.0, 0.0, 0.0, 281.57575757575756]
[0.5509090909090911, 0.2163636363636364, 0.0, 0.0, 0.0, 0.0, 0.0, 0.0, 0.0, 0.08272727272727273, 0.0, 0.0, 0.0, 0.0, 0.0, 0.0, 0.0, 0.0, 0.0, 0.34151515151515166]
21
[154.62790697674419, 7.604651162790698, 5.325581395348838, 0.18604651162790697, 0.0, 0.0, 0.0, 1.0465116279069768, 0.0, 0.0, 0.0, 0.0, 0.0, 3.2790697674418605, 0.0, 0.0, 0.0, 0.0, 0.0, 0.0, 578.4418604651162]
[0.5609302325581398, 0.26488372093023266, 0.03255813953488372, 0.013953488372093023, 0.0, 0.0, 0.0, 0.013720930232558139, 0.0, 0.0, 0.0, 0.0, 0.0, 0.2411627906976745, 0.0, 0.0, 0.0, 0.0, 0.0, 0.0, 0.34232558139534874]
22
[0.0, 1.0, 0.0, 0.0, 0.0, 0.0, 0.0, 0.0, 0.0, 0.0, 0.0, 0.0, 0.0, 0.0, 0.0, 0.0, 0.0, 0.0, 0.0, 0.0, 0.0, 7.5]
[0.49, 0.3, 0.0, 0.0, 0.0, 0.0, 0.0, 0.0, 0.0, 0.0, 0.0, 0.0, 0.0, 0.0, 0.0, 0.0, 0.0, 0.0, 0.0, 0.0, 0.0, 0.3]
23
[5687.777777777777, 0.0, 0.0, 0.0, 5.333333333333333, 0.0, 0.0, 0.0, 0.0, 0.0, 0.0, 4053.7777777777774, 0.0, 0.0, 0.0, 0.0, 0.0, 0.0, 0.0, 0.0, 0.0, 0.0, 1331.3333333333333]
[0.5533333333333333, 0.0, 0.0, 0.0, 0.06666666666666667, 0.0, 0.0, 0.0, 0.0, 0.0, 0.0, 0.30333333333333334, 0.0, 0.0, 0.0, 0.0, 0.0, 0.0, 0.0, 0.0, 0.0, 0.0, 0.5255555555555554]
24
[743.0999999999999, 0.0, 0.0, 0.0, 0.0, 0.0, 0.0, 0.0, 0.0, 0.0, 0.0, 0.0, 0.0, 75.0, 0.0, 0.0, 0.0, 0.0, 0.0, 0.0, 0.0, 0.0, 0.0, 346.65]
[0.5235000000000002, 0.1485, 0.0, 0.0, 0.0, 0.0, 0.0, 0.09, 0.0, 0.0, 0.0, 0.0, 0.0, 0.1035, 0.0, 0.0, 0.0, 0.0, 0.0, 0.0, 0.0, 0.0, 0.0, 0.483]
25
[0.0, 0.0, 0.0, 0.0, 15.5, 0.0, 0.0, 0.0, 0.0, 0.0, 0.0, 0.0, 0.0, 0.0, 0.0, 0.0, 0.0, 0.0, 0.0, 0.0, 0.0, 0.0, 0.0, 0.0, 130.5]
[0.39, 0.0, 0.0, 0.0, 0.3, 0.0, 0.0, 0.0, 0.0, 0.0, 0.0, 0.0, 0.0, 0.0, 0.0, 0.0, 0.0, 0.0, 0.0, 0.0, 0.0, 0.0, 0.0, 0.0, 0.3]
28
[29495.615384615387, 0.0, 0.0, 3.9230769230769234, 0.0, 0.0, 0.0, 0.0, 0.0, 0.0, 0.0, 0.0, 0.0, 0.0, 0.0, 0.0, 0.0, 0.0, 0.0, 0.0, 0.0, 0.0, 0.0, 0.0, 0.0, 0.0, 0.0, 405.38461538461536]
[0.48692307692307707, 0.0, 0.0, 0.23076923076923078, 0.0, 0.0, 0.0, 0.0, 0.0, 0.0, 0.0, 0.0, 0.0, 0.0, 0.0, 0.0, 0.0, 0.0, 0.0, 0.0, 0.0, 0.0, 0.0, 0.0, 0.0, 0.0, 0.0, 0.41]
30
[145.1, 4.950000000000001, 2.75, 0.0, 0.0, 0.0, 0.0, 0.0, 0.0, 0.0, 0.0, 0.0, 0.0, 0.0, 0.0, 0.0, 0.0, 0.0, 0.0, 0.0, 0.0, 0.0, 0.0, 0.0, 0.0, 0.0, 0.0, 0.0, 0.0, 277.65]
[0.4715000000000002, 0.4600000000000002, 0.21, 0.21, 0.0, 0.0, 0.0, 0.0, 0.0, 0.0, 0.0, 0.0, 0.0, 0.0, 0.0, 0.0, 0.0, 0.0, 0.0, 0.0, 0.0, 0.0, 0.0, 0.0, 0.0, 0.0, 0.0, 0.0, 0.0, 0.4714999999999999]
31
[270.9, 2.0, 0.0, 0.0, 0.0, 0.0, 0.0, 0.0, 0.0, 0.0, 0.0, 0.0, 0.0, 0.0, 0.0, 0.0, 0.0, 0.0, 0.0, 0.0, 0.0, 0.0, 0.0, 0.0, 0.0, 0.0, 0.0, 0.0, 0.0, 0.0, 205.1]
[0.48699999999999993, 0.22899999999999998, 0.059, 0.059, 0.059, 0.0, 0.06, 0.059, 0.0, 0.0, 0.0, 0.0, 0.0, 0.0, 0.0, 0.0, 0.0, 0.0, 0.0, 0.0, 0.0, 0.0, 0.0, 0.0, 0.0, 0.0, 0.0, 0.0, 0.0, 0.0, 0.28900000000000003]
33
[0.0, 0.0, 0.0, 0.0, 0.0, 0.0, 1.0, 0.0, 0.0, 0.0, 0.0, 0.0, 0.0, 0.0, 0.0, 0.0, 0.0, 0.0, 0.0, 0.0, 0.0, 0.0, 0.0, 0.0, 0.0, 0.0, 0.0, 0.0, 0.0, 0.0, 0.0, 0.0, 237.25]
[0.49, 0.39, 0.59, 0.59, 0.59, 0.0, 0.3, 0.59, 0.0, 0.0, 0.0, 0.0, 0.0, 0.0, 0.0, 0.0, 0.0, 0.0, 0.0, 0.0, 0.0, 0.0, 0.0, 0.0, 0.0, 0.0, 0.0, 0.0, 0.0, 0.0, 0.0, 0.0, 0.59]
34
[88.69230769230771, 0.0, 0.0, 0.0, 0.0, 0.0, 2.076923076923077, 1.4615384615384615, 0.0, 0.0, 0.0, 0.0, 0.0, 0.0, 0.0, 0.0, 0.0, 0.0, 0.0, 0.0, 0.0, 0.0, 0.0, 0.0, 0.0, 0.0, 0.0, 0.0, 0.0, 0.0, 0.0, 0.0, 0.0, 111.76923076923077]
[0.5515384615384614, 0.49, 0.49, 0.4115384615384615, 0.5899999999999999, 0.0, 0.5899999999999999, 0.29999999999999993, 0.0, 0.0, 0.0, 0.0, 0.0, 0.0, 0.0, 0.0, 0.0, 0.0, 0.0, 0.0, 0.0, 0.0, 0.0, 0.0, 0.0, 0.0, 0.0, 0.0, 0.0, 0.0, 0.0, 0.0, 0.0, 0.5899999999999999]
35
[0.0, 0.0, 0.0, 0.0, 0.0, 0.0, 0.0, 0.0, 0.0, 0.0, 0.0, 0.0, 0.0, 0.0, 0.0, 0.0, 0.0, 0.0, 0.0, 0.0, 0.0, 0.0, 0.0, 0.0, 0.0, 0.0, 0.0, 0.0, 0.0, 0.0, 0.0, 0.0, 0.0, 0.0, 223.0]
[0.49, 0.39, 0.49, 0.59, 0.59, 0.0, 0.59, 0.3, 0.0, 0.0, 0.0, 0.0, 0.0, 0.0, 0.0, 0.0, 0.0, 0.0, 0.0, 0.0, 0.0, 0.0, 0.0, 0.0, 0.0, 0.0, 0.0, 0.0, 0.0, 0.0, 0.0, 0.0, 0.0, 0.0, 0.59]
36
[0.0, 0.0, 0.0, 0.0, 0.0, 0.0, 0.0, 0.0, 0.0, 0.0, 0.0, 0.0, 0.0, 0.0, 0.0, 0.0, 0.0, 0.0, 0.0, 0.0, 0.0, 0.0, 0.0, 0.0, 0.0, 0.0, 0.0, 0.0, 0.0, 0.0, 0.0, 0.0, 0.0, 0.0, 0.0, 1986.1428571428573]
[0.6000000000000001, 0.0, 0.0, 0.0, 0.0, 0.0, 0.0, 0.0, 0.0, 0.0, 0.0, 0.0, 0.0, 0.0, 0.0, 0.0, 0.0, 0.0, 0.0, 0.0, 0.0, 0.0, 0.0, 0.0, 0.0, 0.0, 0.0, 0.0, 0.0, 0.0, 0.0, 0.0, 0.0, 0.0, 0.0, 0.59]
47
[0.0, 0.14285714285714285, 0.0, 4.714285714285714, 0.0, 0.0, 0.0, 0.0, 0.0, 0.0, 0.0, 0.0, 0.0, 0.0, 0.0, 0.0, 0.0, 0.0, 0.0, 0.0, 0.0, 0.0, 0.0, 0.0, 0.0, 0.0, 0.0, 0.0, 0.0, 0.0, 0.0, 0.0, 0.0, 0.0, 0.0, 0.0, 0.0, 0.0, 0.0, 0.0, 0.0, 0.0, 0.0, 0.0, 0.0, 0.0, 680.7142857142857]
[0.6000000000000001, 0.20000000000000004, 0.0, 0.20000000000000004, 0.0, 0.0, 0.0, 0.0, 0.0, 0.0, 0.0, 0.0, 0.0, 0.0, 0.0, 0.0, 0.0, 0.0, 0.0, 0.0, 0.0, 0.0, 0.0, 0.0, 0.0, 0.0, 0.0, 0.0, 0.0, 0.0, 0.0, 0.0, 0.0, 0.0, 0.0, 0.0, 0.0, 0.0, 0.0, 0.0, 0.0, 0.0, 0.0, 0.0, 0.0, 0.0, 0.20000000000000004]
49
[34.57142857142857, 3.7142857142857135, 0.0, 0.0, 0.0, 0.0, 0.0, 0.0, 0.0, 0.0, 0.0, 0.0, 0.0, 0.0, 0.0, 0.0, 0.0, 0.0, 0.0, 0.0, 0.0, 0.0, 0.0, 0.0, 0.0, 0.0, 0.0, 0.0, 0.0, 0.0, 0.0, 0.0, 0.0, 0.0, 0.0, 0.0, 0.0, 0.0, 0.0, 0.0, 0.0, 0.0, 0.0, 0.0, 0.0, 0.0, 0.0, 0.0, 81.0]
[0.6000000000000001, 0.4000000000000001, 0.0, 0.0, 0.0, 0.0, 0.0, 0.0, 0.0, 0.0, 0.0, 0.0, 0.0, 0.0, 0.0, 0.0, 0.0, 0.0, 0.0, 0.0, 0.0, 0.0, 0.0, 0.0, 0.0, 0.0, 0.0, 0.0, 0.0, 0.0, 0.0, 0.0, 0.0, 0.0, 0.0, 0.0, 0.0, 0.0, 0.0, 0.0, 0.0, 0.0, 0.0, 0.0, 0.0, 0.0, 0.0, 0.0, 0.20000000000000004]
