4
[316.5322690217388, 127.74150815217412, 73.60784646739161, 54.9979619565222]
[0.4737347146739224, 0.46854959239131266, 0.46568953804348645, 0.3824830163043416]
5
[414.7922333924684, 187.7366449832447, 111.25586438005108, 35.83224916223124, 28.78927656219186]
[0.4835600236546437, 0.4785314409619633, 0.4750049280504834, 0.408219988172694, 0.3321308890203084]
6
[361.6446641838969, 139.11673301656606, 84.73648388339532, 54.49364325157263, 35.29151149351414, 22.121998202131177]
[0.49770900218316116, 0.5234146654681224, 0.49092333376142683, 0.5169513291383249, 0.4834287915757347, 0.3369590342879213]
7
[809.0288964732624, 140.71558589306017, 77.86029579067115, 56.792946530148, 162.41296928327714, 120.98703071672354, 121.41092150170616]
[0.534420932878278, 0.4956200227531298, 0.4991149032991958, 0.4322457337884003, 0.4814402730375385, 0.4843071672354814, 0.450373151308301]
8
[1567.2125583368688, 905.4726347051342, 409.22995333050795, 242.01187950784978, 101.52100127280458, 56.3177768349595, 40.51887993211695, 50.36317352566809]
[0.48871022486211285, 0.4876113703860802, 0.5164191769198193, 0.4677513788714425, 0.4740432753500213, 0.5132880780653354, 0.426194314806964, 0.2946245226983461]
9
[1831.859560067681, 1323.9255499153962, 937.6869712351938, 710.661590524535, 449.43485617597315, 316.22673434856176, 199.77834179357035, 120.53468697123522, 48.595600676819]
[0.48441624365481945, 0.4947546531302855, 0.49252115059221563, 0.5079526226734342, 0.47759729272419493, 0.5108967851099807, 0.49854483925549686, 0.47776649746192773, 0.3835025380710649]
10
[863.3627577319584, 332.06701030927786, 264.9903350515461, 275.650128865979, 79.65077319587627, 61.30283505154642, 119.48324742268049, 66.14497422680415, 34.591494845360856, 13.003865979381597]
[0.3746069587628816, 0.5495038659793726, 0.4621005154639142, 0.5647293814432938, 0.48594072164947694, 0.5255154639175188, 0.4083891752577263, 0.46230025773195527, 0.5561018041237086, 0.534813144329895]
11
[1175.3622327790963, 1093.4774346793345, 919.6401425178153, 726.7992874109261, 580.5427553444183, 416.1698337292168, 125.77078384798126, 169.39311163895474, 82.67577197149652, 53.13895486935857, 21.188836104512987]
[0.41553444180522264, 0.461401425178148, 0.46844418052256526, 0.4955581947743438, 0.46296912114013855, 0.46655581947743074, 0.49205463182897696, 0.38179334916864816, 0.4621733966745844, 0.4444180522565321, 0.35508313539192504]
12
[433.41573033707897, 148.8277153558052, 101.26591760299624, 52.10486891385768, 85.76029962546819, 48.41573033707864, 33.157303370786515, 29.46067415730332, 37.891385767790275, 17.18726591760299, 5.805243445692882, 4.329588014981269]
[0.5054307116104857, 0.489250936329587, 0.4586516853932568, 0.48078651685393176, 0.4250187265917594, 0.4539700374531834, 0.43573033707865105, 0.5319850187265911, 0.421685393258426, 0.4591011235955054, 0.3848314606741565, 0.38951310861423144]
13
[568.142857142857, 497.73809523809524, 416.6071428571428, 355.0833333333333, 152.58333333333337, 121.83333333333334, 196.8928571428571, 153.67857142857142, 47.91666666666666, 30.28571428571428, 35.36904761904762, 20.14285714285714, 4.499999999999997]
[0.4758333333333335, 0.4629761904761907, 0.4996428571428572, 0.5225000000000002, 0.4617857142857145, 0.4461904761904759, 0.4798809523809527, 0.4832142857142858, 0.4570238095238098, 0.41107142857142803, 0.44690476190476197, 0.42035714285714254, 0.36071428571428515]
14
[496.1290322580645, 156.2258064516129, 116.3548387096774, 96.38709677419355, 88.51612903225806, 61.64516129032258, 111.83870967741935, 39.87096774193549, 55.29032258064517, 26.741935483870964, 43.193548387096776, 16.838709677419356, 35.03225806451613, 31.64516129032258]
[0.6254838709677418, 0.4700000000000001, 0.49225806451612913, 0.48129032258064525, 0.5396774193548387, 0.4925806451612905, 0.5590322580645163, 0.5529032258064517, 0.4964516129032259, 0.4687096774193549, 0.5396774193548387, 0.4148387096774195, 0.5396774193548387, 0.3706451612903227]
15
[1458.8410852713168, 1240.2054263565885, 624.3178294573642, 949.2751937984505, 456.5, 400.4379844961238, 345.2635658914729, 295.1550387596898, 246.98062015503868, 389.7519379844957, 158.4767441860464, 262.7015503875969, 114.38372093023247, 64.7713178294573, 46.28294573643413]
[0.478100775193796, 0.5725193798449636, 0.3139534883720937, 0.5797286821705451, 0.5810465116279095, 0.5876356589147292, 0.5804263565891499, 0.5839922480620158, 0.3143023255813961, 0.5711240310077543, 0.3182558139534891, 0.5795736434108553, 0.5826744186046537, 0.4774031007751913, 0.5826744186046515]
16
[1852.818181818182, 1575.8181818181815, 1339.3636363636363, 1109.7272727272727, 914.4545454545455, 725.9090909090909, 546.8181818181818, 368.99999999999994, 192.00000000000003, 123.72727272727273, 93.27272727272728, 81.72727272727272, 54.81818181818183, 104.54545454545456, 37.00000000000001, 9.0]
[0.49090909090909096, 0.5236363636363637, 0.5963636363636363, 0.6000000000000001, 0.4345454545454546, 0.38000000000000006, 0.41636363636363644, 0.4327272727272728, 0.4345454545454546, 0.4345454545454546, 0.3636363636363637, 0.46909090909090917, 0.46909090909090917, 0.46909090909090917, 0.47272727272727283, 0.3454545454545455]
17
[694.4193548387096, 629.0322580645161, 564.7741935483871, 3.903225806451613, 627.9032258064516, 531.7741935483871, 774.0967741935485, 637.5161290322582, 260.90322580645164, 395.2903225806452, 294.1290322580645, 88.29032258064515, 112.51612903225805, 36.5483870967742, 42.645161290322584, 13.870967741935486, 1.5483870967741933]
[0.3793548387096775, 0.5529032258064516, 0.6087096774193549, 0.5412903225806452, 0.5648387096774192, 0.4925806451612905, 0.5406451612903226, 0.5012903225806454, 0.4303225806451616, 0.49838709677419346, 0.5303225806451614, 0.4558064516129034, 0.5180645161290324, 0.5470967741935484, 0.43870967741935485, 0.4258064516129032, 0.4129032258064516]
18
[753.4074074074074, 664.6666666666667, 591.2037037037037, 39.68518518518518, 461.51851851851853, 5.055555555555555, 372.90740740740745, 6.388888888888888, 308.5185185185185, 15.018518518518519, 210.37037037037038, 5.981481481481481, 2928.074074074074, 1649.7592592592591, 97.46296296296295, 100.07407407407405, 107.44444444444446, 8.277777777777779]
[0.3714814814814814, 0.5555555555555555, 0.5785185185185185, 0.5646296296296299, 0.5168518518518519, 0.5235185185185189, 0.5450000000000002, 0.4194444444444446, 0.405925925925926, 0.43018518518518556, 0.5174074074074078, 0.4374074074074077, 0.37111111111111117, 0.5320370370370374, 0.5500000000000006, 0.5394444444444451, 0.5727777777777782, 0.508703703703704]
19
[2562.4807692307695, 887.1153846153846, 0.0, 109.01923076923075, 15.096153846153845, 1.8653846153846152, 464.7692307692309, 445.15384615384625, 403.26923076923083, 341.2692307692309, 199.69230769230768, 169.5769230769231, 118.11538461538461, 85.30769230769232, 110.38461538461539, 80.82692307692308, 194.76923076923075, 103.84615384615384, 4.5769230769230775]
[0.40076923076923043, 0.5565384615384614, 0.5738461538461538, 0.5682692307692307, 0.47596153846153844, 0.5149999999999997, 0.5501923076923075, 0.5534615384615383, 0.5836538461538461, 0.5567307692307691, 0.43365384615384617, 0.5524999999999999, 0.45884615384615396, 0.42153846153846136, 0.5721153846153846, 0.5451923076923075, 0.5348076923076922, 0.5057692307692309, 0.4826923076923077]
20
[2484.85, 2230.6, 0.0, 117.7, 0.0, 0.0, 1195.95, 1147.85, 998.3499999999999, 858.1000000000001, 611.25, 492.35, 464.59999999999997, 367.1, 283.0, 186.3, 113.50000000000001, 190.85, 35.800000000000004, 38.3]
[0.4555, 0.5890000000000002, 0.5805000000000001, 0.5749999999999997, 0.5200000000000001, 0.5749999999999997, 0.6205, 0.6249999999999997, 0.6259999999999998, 0.6149999999999998, 0.48000000000000015, 0.6189999999999999, 0.5935, 0.5499999999999999, 0.48850000000000016, 0.5899999999999999, 0.5234999999999999, 0.5245, 0.43900000000000017, 0.43000000000000016]
21
[11140.714285714284, 0.0, 27.57142857142857, 0.0, 27.57142857142857, 0.0, 0.0, 37.42857142857143, 0.0, 1575.4285714285716, 0.0, 3.4285714285714284, 2136.1428571428573, 0.0, 0.0, 218.28571428571428, 90.14285714285714, 0.0, 181.85714285714286, 119.14285714285714, 27.57142857142857]
[0.6642857142857143, 0.59, 0.6000000000000001, 0.4999999999999999, 0.4999999999999999, 0.6000000000000001, 0.6000000000000001, 0.5900000000000001, 0.5900000000000001, 0.4857142857142858, 0.4000000000000001, 0.43285714285714283, 0.5714285714285715, 0.4000000000000001, 0.4000000000000001, 0.4999999999999999, 0.46571428571428575, 0.30000000000000004, 0.6000000000000001, 0.6000000000000001, 0.20000000000000004]
25
[1155.0, 1080.0, 1007.375, 937.375, 869.875, 804.5, 741.75, 681.125, 623.125, 737.875, 684.25, 633.125, 584.125, 537.25, 492.875, 450.375, 410.5, 373.0, 337.625, 304.5, 273.5, 244.75, 218.125, 23.125, 2.375]
[0.46124999999999994, 0.46124999999999994, 0.46124999999999994, 0.46124999999999994, 0.46124999999999994, 0.46124999999999994, 0.46124999999999994, 0.46124999999999994, 0.46124999999999994, 0.46124999999999994, 0.46124999999999994, 0.46124999999999994, 0.46124999999999994, 0.46124999999999994, 0.46124999999999994, 0.46124999999999994, 0.46124999999999994, 0.46124999999999994, 0.46124999999999994, 0.46124999999999994, 0.46124999999999994, 0.46124999999999994, 0.46124999999999994, 0.51, 0.3]
28
[75545.42857142858, 71849.42857142858, 68307.42857142858, 64828.42857142857, 61399.71428571428, 58041.42857142857, 54777.57142857143, 51559.571428571435, 48395.142857142855, 45293.142857142855, 42243.14285714286, 39245.14285714286, 36300.142857142855, 33451.857142857145, 30678.142857142855, 27957.857142857145, 25294.714285714286, 22683.285714285714, 20129.28571428571, 17627.14285714286, 15175.42857142857, 12791.285714285716, 10453.285714285714, 8165.142857142857, 6042.428571428572, 3966.1428571428573, 1962.2857142857142, 38.857142857142854]
[0.39, 0.39, 0.39, 0.39, 0.39, 0.39, 0.39, 0.39, 0.39, 0.39, 0.39, 0.39, 0.39, 0.39, 0.39, 0.39, 0.39, 0.39, 0.39, 0.39, 0.39, 0.39, 0.39, 0.39, 0.39, 0.39, 0.39, 0.59]
33
[572.1666666666666, 555.1666666666666, 96.49999999999999, 96.49999999999999, 96.49999999999999, 96.49999999999999, 96.49999999999999, 96.49999999999999, 96.49999999999999, 96.49999999999999, 96.49999999999999, 96.49999999999999, 96.49999999999999, 96.49999999999999, 96.49999999999999, 96.49999999999999, 96.49999999999999, 96.49999999999999, 96.49999999999999, 96.49999999999999, 96.49999999999999, 96.49999999999999, 96.49999999999999, 96.49999999999999, 96.49999999999999, 96.49999999999999, 96.49999999999999, 96.49999999999999, 96.49999999999999, 96.49999999999999, 96.49999999999999, 82.16666666666667, 10.333333333333334]
[0.36666666666666664, 0.6300000000000001, 0.6300000000000001, 0.6300000000000001, 0.6300000000000001, 0.6300000000000001, 0.6300000000000001, 0.6300000000000001, 0.6300000000000001, 0.6300000000000001, 0.6300000000000001, 0.6300000000000001, 0.6300000000000001, 0.6300000000000001, 0.6300000000000001, 0.6300000000000001, 0.6300000000000001, 0.6300000000000001, 0.6300000000000001, 0.6300000000000001, 0.6300000000000001, 0.6300000000000001, 0.6300000000000001, 0.6300000000000001, 0.6300000000000001, 0.6300000000000001, 0.6300000000000001, 0.6300000000000001, 0.6300000000000001, 0.6300000000000001, 0.6300000000000001, 0.4966666666666666, 0.2333333333333333]
