4
[414.11372759285337, 183.76545891790522, 133.90407527848487, 93.54428741265507]
[0.47854652869833403, 0.47154889066926026, 0.4774908878961331, 0.3963947077679093]
5
[413.1353849600703, 181.6028279362204, 113.61379963757828, 56.19901372631707, 29.981238122544983]
[0.4813020515395245, 0.4784139135253066, 0.4809550384810594, 0.44879764766808417, 0.34373553585189254]
6
[344.2917365940684, 152.91758699138592, 90.41679950966018, 58.165389402914656, 34.153407691002776, 22.056298215842993]
[0.5043115304632972, 0.5065971659030556, 0.5031630074515521, 0.5261233416578657, 0.4892046139492987, 0.34734339386431634]
7
[911.7793851025838, 342.2458129252213, 190.5877386354286, 105.8153272698973, 79.07647330585986, 56.65190768592773, 120.47478049065043]
[0.5380563589202074, 0.5108946367216405, 0.5235942373638068, 0.5088432065723199, 0.4930638068123045, 0.48702764170642865, 0.4621887926256472]
8
[1602.9081730829012, 1044.22942583618, 369.69988488264994, 250.34023324954885, 151.94375234358242, 89.63628140675443, 64.90853683053571, 49.260278400710995]
[0.49410142294008425, 0.5075424613998437, 0.5052182770713092, 0.507997882691744, 0.4979789931612925, 0.5256248557807995, 0.43964185773048226, 0.2964076863244237]
9
[1509.6327490441608, 1070.0064898369078, 772.0384507305514, 585.095628690458, 341.7967283462372, 234.49491170225437, 140.59080968398692, 83.13007276846106, 51.181331077270215]
[0.4949885052541819, 0.49913832732961083, 0.4999196841511552, 0.4991436996550444, 0.49903961882879094, 0.5081435693887639, 0.5218626505755067, 0.4818255570902992, 0.40110265087422364]
10
[902.5269067702056, 302.39727470498343, 328.71051639637204, 130.63402218769968, 77.35076295972281, 52.65187722975893, 98.42379429325932, 37.31074848941769, 32.23891438111027, 14.554682130584371]
[0.3787281346231038, 0.5318246138540426, 0.5335653019522499, 0.5232947245290575, 0.5015347367736808, 0.5258457363801974, 0.5323633461769007, 0.5349763353549898, 0.5259229347444776, 0.5361340206185548]
11
[1344.5380047505923, 1103.4672400017562, 924.3036404252908, 721.8248628944292, 574.7838038150578, 422.04571209359005, 251.07799364796637, 215.33693940084765, 75.13788971321624, 38.67227483522025, 16.402019002375237]
[0.4309560570071218, 0.47032095772446847, 0.47244022169438266, 0.5045782057741649, 0.47032748766095017, 0.4383473339706548, 0.5225270976495583, 0.47272956481818235, 0.532604681014417, 0.4589621700548084, 0.3543705463182908]
12
[590.9192081326918, 304.19529159978595, 191.73652131264484, 58.34511062852106, 77.436574614524, 49.54180164404881, 40.73569955677914, 21.116370039653347, 29.811419936017078, 11.839576314034128, 8.894548830768262, 4.329588014981269]
[0.5137025147137497, 0.5036828963795246, 0.5346209202782228, 0.4684506000902224, 0.5010507928401201, 0.4753547837929855, 0.516282152975521, 0.5200426578328945, 0.5350041797104925, 0.4779418087447626, 0.4401982815598136, 0.38951310861423144]
13
[598.4005102040813, 525.9014227642277, 428.6747023809522, 369.55187074829934, 222.18503401360545, 189.22676434210052, 208.8292729591837, 160.15590599876307, 67.63333333333333, 58.02346938775511, 26.713352007469652, 14.059523809523807, 4.499999999999997]
[0.49654761904761935, 0.4951567944250874, 0.49583928571428604, 0.5353469387755104, 0.49921428571428594, 0.48072351667939917, 0.5034523809523812, 0.5348773448773451, 0.4842230725623583, 0.4958928571428569, 0.4721148459383753, 0.36430952380952375, 0.36071428571428515]
14
[503.5161290322581, 304.70564516129036, 159.85663082437281, 133.35663082437276, 95.02217741935483, 73.57910906298001, 114.64550629636017, 53.599252897639985, 64.62309733277475, 33.184313725490185, 49.95731741376903, 22.039763999441416, 35.532153330540424, 31.64516129032258]
[0.5861290322580643, 0.5064112903225807, 0.5663978494623656, 0.5218413978494624, 0.5719959677419355, 0.5276344086021507, 0.5924564429877524, 0.5269511939673232, 0.5525583019131407, 0.5104212523719167, 0.5730640971931292, 0.5081343387795001, 0.5244543359865941, 0.3706451612903227]
15
[1123.5387596899227, 981.1206072351417, 625.306201550387, 769.4041666666672, 415.8833215621591, 285.14379228329796, 286.64552609188877, 204.37914636404173, 227.76804411745925, 298.6606312292357, 162.9507176514016, 209.92013836792526, 62.60208579404529, 33.320542635658896, 27.80536175710595]
[0.4823255813953464, 0.5741937984496148, 0.4048191214470286, 0.5847545219638269, 0.5394642830038179, 0.4522646266472357, 0.536956287852451, 0.45177441786040373, 0.40506467858649825, 0.5855620155038787, 0.40165552732721005, 0.5820374901417688, 0.5829230589569944, 0.47155523255814236, 0.5857364341085276]
16
[2082.590909090909, 1584.5681818181818, 1345.1969696969697, 1114.2149350649352, 920.2607438016529, 729.8620129870129, 549.2227272727272, 368.18939393939394, 193.4917355371901, 130.69303423848876, 99.43181818181819, 82.54545454545455, 59.15384615384617, 39.57219251336898, 22.238636363636363, 9.0]
[0.5436363636363636, 0.56, 0.5842424242424243, 0.5622337662337662, 0.44084504132231406, 0.45254870129870134, 0.4284545454545454, 0.4395454545454546, 0.4247815820543094, 0.4476859504132231, 0.4427272727272728, 0.43454545454545457, 0.43832167832167834, 0.4402139037433156, 0.4384090909090909, 0.3454545454545455]
17
[2949.016129032258, 2095.0537634408606, 2024.6843317972346, 1701.6989247311828, 1515.906744868035, 724.874327956989, 768.9231671554253, 956.7800297113753, 426.8829654782117, 505.62242850528077, 298.2646859083193, 186.43154874853167, 124.74462365591398, 35.35590216235377, 19.19589442815249, 7.76814516129032, 1.5483870967741933]
[0.39548387096774196, 0.47236559139784956, 0.5013978494623658, 0.5344777265745008, 0.56933137829912, 0.5123857526881722, 0.5973822091886609, 0.6061414119977361, 0.5371216751556309, 0.5271926884660332, 0.5761525367671378, 0.515967741935484, 0.5483709677419355, 0.5234036393713811, 0.48918975332068304, 0.42865591397849456, 0.433978494623656]
18
[12029.429012345676, 10892.50581671415, 9995.28282828283, 8464.324074074073, 8045.665062548317, 6769.949382716049, 1399.0088668548228, 887.4121303079637, 2536.544848484848, 3705.7574655926173, 3176.320825013766, 2237.0223969857307, 922.8403267973857, 238.86170295753635, 156.731433689767, 30.113348117024582, 37.25887345679013, 8.277777777777779]
[0.46098765432098743, 0.4569254510921178, 0.4833375420875423, 0.5646728395061733, 0.5488408180476494, 0.5339320987654324, 0.5065576186703638, 0.5057506189797857, 0.4919680134680136, 0.4918448164222661, 0.5050385475091359, 0.505557271123938, 0.529019934640523, 0.47851429588929556, 0.5192670292670296, 0.5059941059757235, 0.4857523148148151, 0.508703703703704]
19
[2929.269230769231, 1734.209935897436, 560.7740384615386, 398.17675824175825, 620.3930288461539, 287.4452026468157, 466.95276223776233, 403.4179326923077, 343.41333333333336, 285.6629445822994, 301.21627385772115, 309.8241550116549, 272.15326340326345, 143.52335164835162, 124.64941553544493, 89.56275147928993, 68.48407239819004, 47.71394230769231, 4.583333333333334]
[0.4816346153846154, 0.47423763736263724, 0.46087242026266395, 0.5405109890109889, 0.5059695512820511, 0.5241253101736972, 0.5103846153846155, 0.520342147435897, 0.517482051282051, 0.5167162944582296, 0.5202773761326394, 0.5202025058275056, 0.5258770396270397, 0.5169436813186808, 0.5049745475113123, 0.5130662721893489, 0.5061819004524887, 0.47265625000000006, 0.4782051282051282]
20
[3035.75, 2508.3, 1244.7875, 953.4499999999999, 817.8375, 722.7875, 1227.08, 1079.8666666666666, 926.5066666666667, 787.6666666666665, 623.7261904761905, 499.08920454545455, 399.61286764705886, 307.65119047619044, 243.57678571428573, 160.0916666666667, 111.70769230769231, 68.6470588235294, 22.159375, 38.3]
[0.5402499999999999, 0.5101249999999999, 0.45337499999999986, 0.5317499999999998, 0.50425, 0.5475, 0.5556333333333332, 0.5684999999999999, 0.5584333333333332, 0.5651666666666666, 0.5477500000000001, 0.5482452651515153, 0.5353720588235295, 0.5341666666666668, 0.5340178571428571, 0.5274264705882353, 0.4649615384615385, 0.4808235294117646, 0.3870937499999999, 0.43000000000000016]
21
[11140.714285714284, 4992.142857142857, 3861.7551020408164, 4028.6666666666665, 2188.6964285714284, 2853.142857142857, 1149.1658986175116, 1879.0389610389611, 1317.969012605042, 3121.1428571428573, 1126.6926691729325, 1061.9662337662337, 2263.3809523809523, 1274.4285714285716, 602.5488721804511, 529.3809523809523, 142.75255102040816, 11.64935064935065, 57.40835164835164, 36.69930875576037, 12.817142857142859]
[0.6642857142857143, 0.39749999999999996, 0.4989795918367347, 0.4999999999999999, 0.46723214285714293, 0.47142857142857153, 0.5032258064516129, 0.5323376623376623, 0.5301207983193278, 0.5238095238095238, 0.5172227443609022, 0.532025974025974, 0.580952380952381, 0.4666666666666666, 0.5184210526315789, 0.4666666666666666, 0.46556122448979587, 0.49783858998144703, 0.5346263736263736, 0.521163594470046, 0.5154285714285715]
25
[7375.875, 6632.6875, 5982.0, 5410.375, 4884.4375, 4387.6875, 3918.5, 3484.5625, 3080.8125, 2867.1875, 2561.625, 2279.875, 2003.0625, 1760.375, 1528.6875, 1308.4375, 1098.875, 914.0625, 739.6875, 576.0, 419.75, 273.1875, 135.875, 23.6875, 2.375]
[0.53375, 0.53375, 0.53375, 0.53375, 0.53375, 0.53375, 0.53375, 0.53375, 0.53375, 0.53375, 0.53375, 0.53375, 0.53375, 0.53375, 0.53375, 0.53375, 0.53375, 0.53375, 0.53375, 0.53375, 0.53375, 0.53375, 0.53375, 0.541875, 0.3]
28
[38021.21428571428, 36173.21428571428, 34402.21428571428, 32662.714285714286, 30948.357142857145, 29269.214285714286, 27637.285714285714, 26028.28571428571, 24446.071428571428, 22895.071428571428, 21370.071428571428, 19871.071428571428, 18398.571428571428, 16974.428571428572, 15587.57142857143, 14227.428571428572, 12895.857142857143, 11590.142857142857, 10313.142857142857, 9062.07142857143, 7836.214285714285, 6644.142857142857, 5475.142857142858, 4331.071428571428, 3269.7142857142853, 2231.5714285714284, 1229.642857142857, 267.9285714285714]
[0.49, 0.49, 0.49, 0.49, 0.49, 0.49, 0.49, 0.49, 0.49, 0.49, 0.49, 0.49, 0.49, 0.49, 0.49, 0.49, 0.49, 0.49, 0.49, 0.49, 0.49, 0.49, 0.49, 0.49, 0.49, 0.49, 0.49, 0.59]
33
[692.4999999999999, 608.375, 441.95833333333337, 426.55357142857144, 411.9880952380953, 397.45238095238096, 383.01190476190476, 368.6190476190476, 353.26190476190476, 338.73809523809524, 325.5357142857143, 311.4761904761905, 298.94047619047615, 286.0952380952381, 273.54166666666663, 260.3511904761905, 247.52976190476187, 235.20833333333331, 222.81547619047618, 210.42261904761904, 198.22023809523807, 186.13690476190476, 174.22619047619048, 162.61309523809524, 150.92857142857144, 139.39285714285714, 127.71428571428572, 115.60714285714288, 103.33333333333334, 92.08928571428572, 106.16666666666666, 82.16666666666667, 10.333333333333334]
[0.4149999999999999, 0.5641666666666667, 0.5695238095238097, 0.5695238095238097, 0.5695238095238097, 0.5695238095238097, 0.5695238095238097, 0.5695238095238097, 0.5695238095238097, 0.5695238095238097, 0.5695238095238097, 0.5695238095238097, 0.5695238095238097, 0.5695238095238097, 0.5695238095238097, 0.5695238095238097, 0.5695238095238097, 0.5695238095238097, 0.5695238095238097, 0.5695238095238097, 0.5695238095238097, 0.5695238095238097, 0.5695238095238097, 0.5695238095238097, 0.5695238095238097, 0.5695238095238097, 0.5695238095238097, 0.5695238095238097, 0.5695238095238097, 0.5695238095238097, 0.6200000000000001, 0.4966666666666666, 0.2333333333333333]
